1230
-0.23209 -0.0363752 -0.115745 0.528581 0.524036 -6.43121e-007 -1 -2.22732e-007
0.231312 -0.0363755 -0.115745 0.536374 0.502216 -6.43121e-007 -1 -2.22732e-007
0.231312 -0.0363755 0.151862 0.523773 0.497716 -6.43121e-007 -1 -2.22732e-007
-0.23209 -0.0363752 -0.115745 0.528581 0.524036 -1.02899e-006 -1 4.45464e-007
0.231312 -0.0363755 0.151862 0.523773 0.497716 -1.02899e-006 -1 4.45464e-007
-0.23209 -0.036375 0.151862 0.51598 0.519536 -1.02899e-006 -1 4.45464e-007
-0.23209 -0.027343 -0.115745 0.45785 0.485111 -0.749888 0.661565 3.34049e-007
-0.23209 -0.027343 -0.0488438 0.461013 0.484022 -0.749888 0.661565 3.34049e-007
-0.222129 -0.0160529 -0.0603476 0.460224 0.483497 -0.749888 0.661565 3.34049e-007
-0.23209 -0.027343 -0.115745 0.45785 0.485111 -0.74989 0.661563 1.01014e-006
-0.222129 -0.0160529 -0.0603476 0.460224 0.483497 -0.74989 0.661563 1.01014e-006
-0.222129 -0.0160529 -0.104242 0.458149 0.484212 -0.74989 0.661563 1.01014e-006
0.231312 -0.0363755 -0.115745 0.538502 0.469405 -1.28624e-007 0 -1
-0.23209 -0.0363752 -0.115745 0.548864 0.490129 -1.28624e-007 0 -1
-0.23209 -0.027343 -0.115745 0.549268 0.489927 -1.28624e-007 0 -1
0.231312 -0.0363755 -0.115745 0.538502 0.469405 6.73626e-012 6.59926e-006 -1
-0.23209 -0.027343 -0.115745 0.549267 0.489927 6.73626e-012 6.59926e-006 -1
-0.174164 -0.027343 -0.115745 0.547972 0.487336 6.73626e-012 6.59926e-006 -1
0.231312 -0.0363755 -0.115745 0.538502 0.469405 6.84493e-012 6.59927e-006 -1
-0.174164 -0.027343 -0.115745 0.547972 0.487336 6.84493e-012 6.59927e-006 -1
-0.116239 -0.0273431 -0.115745 0.546677 0.484746 6.84493e-012 6.59927e-006 -1
0.231312 -0.0363755 -0.115745 0.538502 0.469405 1.35818e-011 6.59953e-006 -1
-0.116239 -0.0273431 -0.115745 0.546677 0.484746 1.35818e-011 6.59953e-006 -1
-0.058314 -0.0273432 -0.115745 0.545382 0.482155 1.35818e-011 6.59953e-006 -1
0.231312 -0.0363755 -0.115745 0.538503 0.469405 -1.02897e-006 -2.63955e-005 -1
-0.058314 -0.0273432 -0.115745 0.545383 0.482155 -1.02897e-006 -2.63955e-005 -1
-0.000388729 -0.0273432 -0.115745 0.544088 0.479565 -1.02897e-006 -2.63955e-005 -1
0.231312 -0.0363755 -0.115745 0.538503 0.469405 -1.02905e-006 -2.63976e-005 -1
-0.000388729 -0.0273432 -0.115745 0.544088 0.479565 -1.02905e-006 -2.63976e-005 -1
0.0575365 -0.0273433 -0.115746 0.542792 0.476974 -1.02905e-006 -2.63976e-005 -1
0.231312 -0.0363755 -0.115745 0.538502 0.469405 -6.84493e-012 -6.59927e-006 -1
0.0575365 -0.0273433 -0.115746 0.542792 0.476974 -6.84493e-012 -6.59927e-006 -1
0.115462 -0.0273433 -0.115746 0.541496 0.474384 -6.84493e-012 -6.59927e-006 -1
0.231312 -0.0363755 -0.115745 0.538502 0.469405 -1.35814e-011 -6.59935e-006 -1
0.115462 -0.0273433 -0.115746 0.541496 0.474384 -1.35814e-011 -6.59935e-006 -1
0.173387 -0.0273435 -0.115746 0.540201 0.471793 -1.35814e-011 -6.59935e-006 -1
0.231312 -0.0363755 -0.115745 0.538502 0.469405 1.02899e-006 -3.3953e-012 -1
0.173387 -0.0273435 -0.115746 0.540201 0.471793 1.02899e-006 -3.3953e-012 -1
0.231312 -0.0273435 -0.115745 0.538906 0.469203 1.02899e-006 -3.3953e-012 -1
-0.23209 -0.027343 0.151862 0.450732 0.489927 6.79055e-012 6.59922e-006 1
-0.23209 -0.036375 0.151862 0.451136 0.490129 6.79055e-012 6.59922e-006 1
0.231312 -0.0363755 0.151862 0.461498 0.469405 6.79055e-012 6.59922e-006 1
0.231312 -0.0363755 0.151862 0.461498 0.469405 -5.14497e-007 6.59922e-006 1
0.231312 -0.0273435 0.151862 0.461094 0.469203 -5.14497e-007 6.59922e-006 1
0.173387 -0.0273435 0.151862 0.459799 0.471793 -5.14497e-007 6.59922e-006 1
0.231312 -0.0363755 0.151862 0.461498 0.469405 -5.1449e-007 6.59927e-006 1
0.173387 -0.0273435 0.151862 0.459799 0.471793 -5.1449e-007 6.59927e-006 1
0.115462 -0.0273434 0.151861 0.458504 0.474384 -5.1449e-007 6.59927e-006 1
0.231312 -0.0363755 0.151862 0.461498 0.469405 2.71627e-011 1.31987e-005 1
0.115462 -0.0273434 0.151861 0.458504 0.474384 2.71627e-011 1.31987e-005 1
0.0575366 -0.0273433 0.151861 0.457208 0.476974 2.71627e-011 1.31987e-005 1
0.231312 -0.0363755 0.151862 0.461498 0.469405 5.14544e-007 2.30977e-005 1
0.0575366 -0.0273433 0.151861 0.457208 0.476974 5.14544e-007 2.30977e-005 1
-0.000388714 -0.0273432 0.151862 0.455913 0.479565 5.14544e-007 2.30977e-005 1
0.231312 -0.0363755 0.151862 0.461498 0.469405 -5.145e-007 -3.29959e-006 1
-0.000388714 -0.0273432 0.151862 0.455913 0.479565 -5.145e-007 -3.29959e-006 1
-0.0583139 -0.0273431 0.151861 0.454618 0.482155 -5.145e-007 -3.29959e-006 1
0.231312 -0.0363755 0.151862 0.461498 0.469405 1.34724e-011 1.31984e-005 1
-0.0583139 -0.0273431 0.151861 0.454618 0.482155 1.34724e-011 1.31984e-005 1
-0.116239 -0.027343 0.151861 0.453322 0.484746 1.34724e-011 1.31984e-005 1
0.231312 -0.0363755 0.151862 0.461498 0.469405 2.71631e-011 1.31989e-005 1
-0.116239 -0.027343 0.151861 0.453322 0.484746 2.71631e-011 1.31989e-005 1
-0.174164 -0.0273429 0.151861 0.452027 0.487336 2.71631e-011 1.31989e-005 1
0.231312 -0.0363755 0.151862 0.461497 0.469405 1.02893e-006 5.93866e-005 1
-0.174164 -0.0273429 0.151861 0.452026 0.487336 1.02893e-006 5.93866e-005 1
-0.23209 -0.027343 0.151862 0.450731 0.489927 1.02893e-006 5.93866e-005 1
-0.23209 -0.027343 -0.115745 0.443288 0.480819 -1 3.29957e-006 -1.4816e-012
-0.23209 -0.0363752 -0.115745 0.44355 0.481187 -1 3.29957e-006 -1.4816e-012
-0.23209 -0.036375 0.151862 0.454439 0.473409 -1 3.29957e-006 -1.4816e-012
-0.23209 -0.036375 0.151862 0.454439 0.473409 -1 1.31984e-005 -0
-0.23209 -0.027343 0.151862 0.454176 0.473042 -1 1.31984e-005 -0
-0.23209 -0.027343 0.0849598 0.451454 0.474986 -1 1.31984e-005 -0
-0.23209 -0.036375 0.151862 0.454439 0.473409 -1 1.64982e-005 4.45478e-007
-0.23209 -0.027343 0.0849598 0.451454 0.474986 -1 1.64982e-005 4.45478e-007
-0.23209 -0.0273429 0.018058 0.448732 0.47693 -1 1.64982e-005 4.45478e-007
-0.23209 -0.036375 0.151862 0.454439 0.473409 -1 1.64977e-005 4.45449e-007
-0.23209 -0.0273429 0.018058 0.448732 0.47693 -1 1.64977e-005 4.45449e-007
-0.23209 -0.027343 -0.0488438 0.44601 0.478874 -1 1.64977e-005 4.45449e-007
-0.23209 -0.036375 0.151862 0.454439 0.473409 -1 1.64981e-005 4.45465e-007
-0.23209 -0.027343 -0.0488438 0.44601 0.478874 -1 1.64981e-005 4.45465e-007
-0.23209 -0.027343 -0.115745 0.443288 0.480819 -1 1.64981e-005 4.45465e-007
0.231312 -0.0363755 0.151862 0.545562 0.473409 1 -3.29963e-006 -1.6705e-007
0.231312 -0.0363755 -0.115745 0.55645 0.481187 1 -3.29963e-006 -1.6705e-007
0.231312 -0.0273435 -0.115745 0.556712 0.480819 1 -3.29963e-006 -1.6705e-007
0.231312 -0.0363755 0.151862 0.545561 0.473409 1 -1.81469e-005 -6.68164e-007
0.231312 -0.0273435 -0.115745 0.556712 0.480818 1 -1.81469e-005 -6.68164e-007
0.231312 -0.0273433 -0.0488439 0.55399 0.478874 1 -1.81469e-005 -6.68164e-007
0.231312 -0.0363755 0.151862 0.545562 0.473409 1 -3.29963e-006 -2.96325e-012
0.231312 -0.0273433 -0.0488439 0.55399 0.478875 1 -3.29963e-006 -2.96325e-012
0.231312 -0.0273434 0.0180579 0.551268 0.47693 1 -3.29963e-006 -2.96325e-012
0.231312 -0.0363755 0.151862 0.545561 0.473409 1 -6.59927e-006 -2.22738e-007
0.231312 -0.0273434 0.0180579 0.551268 0.47693 1 -6.59927e-006 -2.22738e-007
0.231312 -0.0273435 0.0849597 0.548546 0.474986 1 -6.59927e-006 -2.22738e-007
0.231312 -0.0363755 0.151862 0.545561 0.473409 1 -4.94942e-006 -0
0.231312 -0.0273435 0.0849597 0.548546 0.474986 1 -4.94942e-006 -0
0.231312 -0.0273435 0.151862 0.545824 0.473042 1 -4.94942e-006 -0
-0.23209 -0.0273429 0.018058 0.463916 0.482361 -0.760653 0.649159 9.17197e-007
-0.23209 -0.027343 0.0849598 0.467076 0.481264 -0.760653 0.649159 9.17197e-007
-0.222129 -0.015672 0.073456 0.466281 0.480728 -0.760653 0.649159 9.17197e-007
-0.23209 -0.0273429 0.018058 0.463916 0.482361 -0.760654 0.649157 1.55349e-006
-0.222129 -0.015672 0.073456 0.466281 0.480728 -0.760654 0.649157 1.55349e-006
-0.222129 -0.015672 0.0295618 0.464208 0.481447 -0.760654 0.649157 1.55349e-006
-0.23209 -0.027343 0.0849598 0.468134 0.483693 -0.715493 0.69862 -0
-0.23209 -0.027343 0.151862 0.471303 0.482622 -0.715493 0.69862 -0
-0.222129 -0.0171421 0.140358 0.47053 0.482131 -0.715493 0.69862 -0
-0.23209 -0.027343 0.0849598 0.468134 0.483693 -0.715489 0.698624 -1.43816e-006
-0.222129 -0.0171421 0.140358 0.47053 0.482131 -0.715489 0.698624 -1.43816e-006
-0.222129 -0.0171422 0.0964635 0.468451 0.482834 -0.715489 0.698624 -1.43816e-006
-0.23209 -0.027343 -0.0488438 0.460755 0.483457 -0.760651 0.649161 -2.39513e-007
-0.23209 -0.0273429 0.018058 0.463916 0.482361 -0.760651 0.649161 -2.39513e-007
-0.222129 -0.015672 0.00655419 0.463121 0.481825 -0.760651 0.649161 -2.39513e-007
-0.23209 -0.027343 -0.0488438 0.460755 0.483457 -0.760652 0.64916 -0
-0.222129 -0.015672 0.00655419 0.463121 0.481825 -0.760652 0.64916 -0
-0.222129 -0.015672 -0.03734 0.461047 0.482544 -0.760652 0.64916 -0
-0.000388699 -0.0273432 0.0849597 0.448019 0.495968 3.66419e-007 0.701987 0.712189
0.0575366 -0.0273432 0.0849597 0.448323 0.493088 3.66419e-007 0.701987 0.712189
0.0475763 -0.0156723 0.0734559 0.447456 0.493497 3.66419e-007 0.701987 0.712189
-0.000388699 -0.0273432 0.0849597 0.448019 0.495968 2.23566e-006 0.701984 0.712193
0.0475763 -0.0156723 0.0734559 0.447456 0.493497 2.23566e-006 0.701984 0.712193
0.00957152 -0.0156722 0.073456 0.447257 0.495387 2.23566e-006 0.701984 0.712193
-0.000388714 -0.0273432 0.151862 0.452223 0.499181 1.90802e-006 0.766597 0.642129
0.0575366 -0.0273433 0.151861 0.45236 0.496288 1.90802e-006 0.766597 0.642129
0.0473863 -0.0175235 0.140138 0.451572 0.496759 1.90802e-006 0.766597 0.642129
-0.000388714 -0.0273432 0.151862 0.452223 0.499181 2.40943e-006 0.766596 0.64213
0.0473863 -0.0175235 0.140138 0.451572 0.496759 2.40943e-006 0.766596 0.64213
0.0097616 -0.0175234 0.140138 0.451483 0.498638 2.40943e-006 0.766596 0.64213
-0.000388743 -0.0273432 0.0180579 0.445684 0.495722 7.32837e-007 0.701987 0.712189
0.0575365 -0.0273432 0.0180579 0.445988 0.492842 7.32837e-007 0.701987 0.712189
0.0475763 -0.0156722 0.00655413 0.445121 0.493251 7.32837e-007 0.701987 0.712189
-0.000388743 -0.0273432 0.0180579 0.445684 0.495722 1.61232e-008 0.701989 0.712188
0.0475763 -0.0156722 0.00655413 0.445121 0.493251 1.61232e-008 0.701989 0.712188
0.00957151 -0.0156723 0.00655419 0.444921 0.495141 1.61232e-008 0.701989 0.712188
-0.000388729 -0.0273432 -0.0488438 0.443505 0.496059 1.46879e-006 0.713703 0.700449
0.0575365 -0.0273433 -0.0488438 0.44378 0.493176 1.46879e-006 0.713703 0.700449
0.0475763 -0.0160532 -0.0603476 0.44293 0.493595 1.46879e-006 0.713703 0.700449
-0.000388729 -0.0273432 -0.0488438 0.443505 0.496059 1.11038e-006 0.713704 0.700448
0.0475763 -0.0160532 -0.0603476 0.44293 0.493595 1.11038e-006 0.713704 0.700448
0.00957155 -0.0160531 -0.0603476 0.44275 0.495487 1.11038e-006 0.713704 0.700448
-0.116239 -0.027343 0.151861 0.451234 0.5041 7.69907e-007 0.748214 0.663458
-0.0583139 -0.0273431 0.151861 0.45142 0.50121 7.69907e-007 0.748214 0.663458
-0.0682741 -0.0171424 0.140358 0.450621 0.501657 7.69907e-007 0.748214 0.663458
-0.116239 -0.027343 0.151861 0.451234 0.5041 1.7156e-006 0.748212 0.66346
-0.0682741 -0.0171424 0.140358 0.450621 0.501657 1.7156e-006 0.748212 0.66346
-0.106279 -0.0171424 0.140358 0.450499 0.503553 1.7156e-006 0.748212 0.66346
-0.116239 -0.0273432 0.0849598 0.447709 0.502279 7.48039e-007 0.713705 0.700447
-0.058314 -0.0273433 0.0849598 0.447984 0.499395 7.48039e-007 0.713705 0.700447
-0.0682742 -0.0160531 0.073456 0.447134 0.499815 7.48039e-007 0.713705 0.700447
-0.116239 -0.0273432 0.0849598 0.447709 0.502279 1.11038e-006 0.713704 0.700448
-0.0682742 -0.0160531 0.073456 0.447134 0.499815 1.11038e-006 0.713704 0.700448
-0.106279 -0.0160531 0.073456 0.446954 0.501706 1.11038e-006 0.713704 0.700448
-0.116239 -0.0273431 0.018058 0.445077 0.501483 1.44468e-006 0.701986 0.712191
-0.058314 -0.0273432 0.018058 0.445381 0.498602 1.44468e-006 0.701986 0.712191
-0.0682742 -0.0156721 0.00655419 0.444513 0.499012 1.44468e-006 0.701986 0.712191
-0.116239 -0.0273431 0.018058 0.445077 0.501483 1.10977e-006 0.701987 0.71219
-0.0682742 -0.0156721 0.00655419 0.444513 0.499012 1.10977e-006 0.701987 0.71219
-0.106279 -0.0156721 0.00655419 0.444314 0.500902 1.10977e-006 0.701987 0.71219
-0.116239 -0.0273432 -0.0488437 0.442742 0.501236 1.44467e-006 0.701984 0.712193
-0.058314 -0.0273433 -0.0488437 0.443045 0.498356 1.44467e-006 0.701984 0.712193
-0.0682742 -0.0156722 -0.0603475 0.442178 0.498766 1.44467e-006 0.701984 0.712193
-0.116239 -0.0273432 -0.0488437 0.442742 0.501237 1.10976e-006 0.701985 0.712192
-0.0682742 -0.0156722 -0.0603475 0.442178 0.498766 1.10976e-006 0.701985 0.712192
-0.106279 -0.0156721 -0.0603475 0.441979 0.500655 1.10976e-006 0.701985 0.712192
0.115462 -0.0273433 -0.0488439 0.443956 0.489716 0 0.701987 0.71219
0.173387 -0.0273433 -0.0488439 0.444259 0.486835 0 0.701987 0.71219
0.163427 -0.0156723 -0.0603476 0.443392 0.487244 0 0.701987 0.71219
0.115462 -0.0273433 -0.0488439 0.443956 0.489716 -1.10977e-006 0.701989 0.712187
0.163427 -0.0156723 -0.0603476 0.443392 0.487245 -1.10977e-006 0.701989 0.712187
0.125422 -0.0156724 -0.0603476 0.443193 0.489134 -1.10977e-006 0.701989 0.712187
0.115462 -0.0273433 0.0180579 0.446175 0.489422 7.10481e-007 0.690463 0.723368
0.173387 -0.0273433 0.0180579 0.446506 0.486545 7.10481e-007 0.690463 0.723368
0.163427 -0.0152913 0.00655413 0.445621 0.486944 7.10481e-007 0.690463 0.723368
0.115462 -0.0273433 0.0180579 0.446175 0.489422 1.09155e-006 0.690462 0.723369
0.163427 -0.0152913 0.00655413 0.445621 0.486944 1.09155e-006 0.690462 0.723369
0.125422 -0.0152913 0.00655413 0.445404 0.488832 1.09155e-006 0.690462 0.723369
0.115462 -0.0273433 0.0849597 0.448626 0.490207 7.22335e-007 0.701982 0.712195
0.173387 -0.0273434 0.0849597 0.44893 0.487327 7.22335e-007 0.701982 0.712195
0.163427 -0.0156723 0.073456 0.448063 0.487737 7.22335e-007 0.701982 0.712195
0.115462 -0.0273433 0.0849597 0.448626 0.490207 -1.58842e-008 0.701984 0.712193
0.163427 -0.0156723 0.073456 0.448063 0.487737 -1.58842e-008 0.701984 0.712193
0.125422 -0.0156723 0.0734559 0.447864 0.489626 -1.58842e-008 0.701984 0.712193
0.115462 -0.0273434 0.151861 0.45232 0.493113 4.48595e-007 0.760578 0.649246
0.173387 -0.0273435 0.151862 0.452473 0.490221 4.48595e-007 0.760578 0.649246
0.163427 -0.0175236 0.140358 0.451691 0.490678 4.48595e-007 0.760578 0.649246
0.115462 -0.0273434 0.151861 0.45232 0.493113 6.97344e-007 0.760578 0.649247
0.163427 -0.0175236 0.140358 0.451691 0.490678 6.97344e-007 0.760578 0.649247
0.125422 -0.0175235 0.140358 0.451591 0.492576 6.97344e-007 0.760578 0.649247
0.173387 -0.0273435 0.151862 0.451374 0.487867 -3.6299e-007 0.708685 0.705525
0.231312 -0.0273435 0.151862 0.451661 0.484985 -3.6299e-007 0.708685 0.705525
0.221162 -0.0156725 0.140138 0.450788 0.485408 -3.6299e-007 0.708685 0.705525
0.173387 -0.0273435 0.151862 0.451374 0.487867 5.54374e-007 0.708683 0.705527
0.221162 -0.0156725 0.140138 0.450788 0.485408 5.54374e-007 0.708683 0.705527
0.183537 -0.0156725 0.140138 0.450601 0.48728 5.54374e-007 0.708683 0.705527
0.173387 -0.0273434 0.0849597 0.44893 0.487327 7.22337e-007 0.701984 0.712193
0.231312 -0.0273435 0.0849597 0.449234 0.484447 7.22337e-007 0.701984 0.712193
0.221352 -0.0156724 0.0734559 0.448366 0.484856 7.22337e-007 0.701984 0.712193
0.173387 -0.0273434 0.0849597 0.44893 0.487327 1.09215e-006 0.701983 0.712194
0.221352 -0.0156724 0.0734559 0.448366 0.484856 1.09215e-006 0.701983 0.712194
0.183347 -0.0156723 0.0734559 0.448167 0.486746 1.09215e-006 0.701983 0.712194
0.173387 -0.0273433 0.0180579 0.446335 0.484205 -1.36823e-007 0.637491 0.770458
0.231312 -0.0273434 0.0180579 0.446786 0.481344 -1.36823e-007 0.637491 0.770458
0.221352 -0.0134402 0.00655419 0.445817 0.481695 -1.36823e-007 0.637491 0.770458
0.173387 -0.0273433 0.0180579 0.446335 0.484205 9.91805e-007 0.637488 0.77046
0.221352 -0.0134402 0.00655419 0.445817 0.481695 9.91805e-007 0.637488 0.77046
0.183347 -0.0134401 0.00655419 0.445521 0.483572 9.91805e-007 0.637488 0.77046
0.173387 -0.0273433 -0.0488439 0.444196 0.484331 6.66762e-007 0.647975 0.761662
0.231312 -0.0273433 -0.0488439 0.444624 0.481467 6.66762e-007 0.647975 0.761662
0.221352 -0.0138212 -0.0603476 0.443673 0.481828 6.66762e-007 0.647975 0.761662
0.173387 -0.0273433 -0.0488439 0.444196 0.484331 1.02438e-006 0.647974 0.761662
0.221352 -0.0138212 -0.0603476 0.443673 0.481828 1.02438e-006 0.647974 0.761662
0.183347 -0.0138212 -0.0603476 0.443392 0.483707 1.02438e-006 0.647974 0.761662
0.0575366 -0.0273433 0.151861 0.450658 0.493334 1.44467e-006 0.701984 0.712193
0.115462 -0.0273434 0.151861 0.450962 0.490454 1.44467e-006 0.701984 0.712193
0.105502 -0.0156723 0.140358 0.450095 0.490863 1.44467e-006 0.701984 0.712193
0.0575366 -0.0273433 0.151861 0.450658 0.493334 2.20191e-006 0.701983 0.712194
0.105502 -0.0156723 0.140358 0.450095 0.490863 2.20191e-006 0.701983 0.712194
0.0674969 -0.0156722 0.140358 0.449896 0.492753 2.20191e-006 0.701983 0.712194
0.0575366 -0.0273432 0.0849597 0.448323 0.493088 1.44468e-006 0.701986 0.712191
0.115462 -0.0273433 0.0849597 0.448626 0.490208 1.44468e-006 0.701986 0.712191
0.105502 -0.0156723 0.0734559 0.447759 0.490617 1.44468e-006 0.701986 0.712191
0.0575366 -0.0273432 0.0849597 0.448323 0.493088 2.20191e-006 0.701984 0.712192
0.105502 -0.0156723 0.0734559 0.447759 0.490617 2.20191e-006 0.701984 0.712192
0.0674969 -0.0156721 0.0734559 0.44756 0.492507 2.20191e-006 0.701984 0.712192
0.0575365 -0.0273432 0.0180579 0.445988 0.492842 1.44467e-006 0.701984 0.712193
0.115462 -0.0273433 0.0180579 0.446291 0.489961 1.44467e-006 0.701984 0.712193
0.105502 -0.0156722 0.00655413 0.445424 0.490371 1.44467e-006 0.701984 0.712193
0.0575365 -0.0273432 0.0180579 0.445988 0.492842 2.20191e-006 0.701983 0.712194
0.105502 -0.0156722 0.00655413 0.445424 0.490371 2.20191e-006 0.701983 0.712194
0.0674968 -0.0156721 0.00655413 0.445225 0.492261 2.20191e-006 0.701983 0.712194
0.0575365 -0.0273433 -0.0488438 0.443652 0.492596 1.0502e-008 0.701985 0.712191
0.115462 -0.0273433 -0.0488439 0.443956 0.489715 1.0502e-008 0.701985 0.712191
0.105502 -0.0156723 -0.0603476 0.443089 0.490125 1.0502e-008 0.701985 0.712191
0.0575365 -0.0273433 -0.0488438 0.443652 0.492596 1.09215e-006 0.701983 0.712194
0.105502 -0.0156723 -0.0603476 0.443089 0.490125 1.09215e-006 0.701983 0.712194
0.0674967 -0.0156723 -0.0603476 0.44289 0.492014 1.09215e-006 0.701983 0.712194
-0.058314 -0.0273433 -0.0488437 0.444238 0.501386 -1.14564e-007 0.76058 0.649244
-0.000388729 -0.0273432 -0.0488438 0.444391 0.498494 -1.14564e-007 0.76058 0.649244
-0.010349 -0.0175235 -0.0603475 0.44361 0.498951 -1.14564e-007 0.76058 0.649244
-0.058314 -0.0273433 -0.0488437 0.444238 0.501386 1.20239e-006 0.760577 0.649247
-0.010349 -0.0175235 -0.0603475 0.44361 0.498951 1.20239e-006 0.760577 0.649247
-0.0483537 -0.0175234 -0.0603475 0.443509 0.500849 1.20239e-006 0.760577 0.649247
-0.058314 -0.0273432 0.018058 0.446779 0.501521 -1.14572e-007 0.760584 0.64924
-0.000388743 -0.0273432 0.0180579 0.446932 0.498629 -1.14572e-007 0.760584 0.64924
-0.010349 -0.0175234 0.00655413 0.44615 0.499086 -1.14572e-007 0.760584 0.64924
-0.058314 -0.0273432 0.018058 0.446778 0.501521 2.22878e-006 0.760579 0.649246
-0.010349 -0.0175234 0.00655413 0.44615 0.499086 2.22878e-006 0.760579 0.649246
-0.0483537 -0.0175234 0.00655419 0.44605 0.500983 2.22878e-006 0.760579 0.649246
-0.058314 -0.0273433 0.0849598 0.447716 0.498848 3.76928e-007 0.701983 0.712194
-0.000388699 -0.0273432 0.0849597 0.448019 0.495968 3.76928e-007 0.701983 0.712194
-0.010349 -0.0156721 0.073456 0.447152 0.496378 3.76928e-007 0.701983 0.712194
-0.058314 -0.0273433 0.0849598 0.447716 0.498848 -1.09215e-006 0.701986 0.712191
-0.010349 -0.0156721 0.073456 0.447152 0.496378 -1.09215e-006 0.701986 0.712191
-0.0483537 -0.0156722 0.073456 0.446953 0.498267 -1.09215e-006 0.701986 0.712191
-0.0583139 -0.0273431 0.151861 0.45186 0.50179 4.48598e-007 0.76058 0.649244
-0.000388714 -0.0273432 0.151862 0.452013 0.498898 4.48598e-007 0.76058 0.649244
-0.0103489 -0.0175233 0.140358 0.451232 0.499355 4.48598e-007 0.76058 0.649244
-0.0583139 -0.0273431 0.151861 0.45186 0.50179 1.20239e-006 0.760578 0.649246
-0.0103489 -0.0175233 0.140358 0.451231 0.499355 1.20239e-006 0.760578 0.649246
-0.0483536 -0.0175232 0.140358 0.451131 0.501253 1.20239e-006 0.760578 0.649246
-0.174164 -0.0273429 0.151861 0.452102 0.508169 1.59099e-006 0.77308 0.634309
-0.116239 -0.027343 0.151861 0.45222 0.505275 1.59099e-006 0.77308 0.634309
-0.126199 -0.0179042 0.140358 0.451457 0.505742 1.59099e-006 0.77308 0.634309
-0.174164 -0.0273429 0.151861 0.452102 0.508169 1.20276e-006 0.77308 0.634308
-0.126199 -0.0179042 0.140358 0.451457 0.505742 1.20276e-006 0.77308 0.634308
-0.164204 -0.0179042 0.140358 0.451379 0.507641 1.20276e-006 0.77308 0.634308
-0.174164 -0.0273431 0.0849598 0.447109 0.504609 1.08876e-006 0.701984 0.712193
-0.116239 -0.0273432 0.0849598 0.447412 0.501729 1.08876e-006 0.701984 0.712193
-0.126199 -0.0156721 0.073456 0.446545 0.502138 1.08876e-006 0.701984 0.712193
-0.174164 -0.0273431 0.0849598 0.447109 0.504609 1.09215e-006 0.701984 0.712193
-0.126199 -0.0156721 0.073456 0.446545 0.502138 1.09215e-006 0.701984 0.712193
-0.164204 -0.015672 0.073456 0.446346 0.504028 1.09215e-006 0.701984 0.712193
-0.174164 -0.027343 0.018058 0.445057 0.504936 7.34401e-007 0.713708 0.700443
-0.116239 -0.0273431 0.018058 0.445332 0.502052 7.34401e-007 0.713708 0.700443
-0.126199 -0.0160531 0.00655419 0.444483 0.502472 7.34401e-007 0.713708 0.700443
-0.174164 -0.027343 0.018058 0.445057 0.504936 1.1283e-006 0.713707 0.700444
-0.126199 -0.0160531 0.00655419 0.444483 0.502472 1.1283e-006 0.713707 0.700444
-0.164204 -0.016053 0.00655419 0.444302 0.504363 1.1283e-006 0.713707 0.700444
-0.174164 -0.0273431 -0.0488437 0.442438 0.504117 7.22336e-007 0.701984 0.712193
-0.116239 -0.0273432 -0.0488437 0.442742 0.501236 7.22336e-007 0.701984 0.712193
-0.126199 -0.0156721 -0.0603475 0.441875 0.501646 7.22336e-007 0.701984 0.712193
-0.174164 -0.0273431 -0.0488437 0.442438 0.504117 1.09215e-006 0.701983 0.712194
-0.126199 -0.0156721 -0.0603475 0.441875 0.501646 1.09215e-006 0.701983 0.712194
-0.164204 -0.015672 -0.0603475 0.441676 0.503536 1.09215e-006 0.701983 0.712194
0.231312 -0.0273435 0.151862 0.510327 0.5355 0.754556 0.656236 -0
0.231312 -0.0273435 0.0849597 0.508268 0.538136 0.754556 0.656236 -0
0.221162 -0.0156725 0.0966829 0.509238 0.53815 0.754556 0.656236 -0
0.231312 -0.0273435 0.151862 0.510327 0.5355 0.754555 0.656237 2.64953e-007
0.221162 -0.0156725 0.0966829 0.509238 0.53815 0.754555 0.656237 2.64953e-007
0.221162 -0.0156725 0.140138 0.510576 0.536438 0.754555 0.656237 2.64953e-007
0.231312 -0.0273435 0.0849597 0.508919 0.482732 7.2923e-007 0.708683 -0.705527
0.173387 -0.0273434 0.0849597 0.51042 0.485209 7.2923e-007 0.708683 -0.705527
0.183537 -0.0156724 0.0966829 0.510865 0.484347 7.2923e-007 0.708683 -0.705527
0.231312 -0.0273435 0.0849597 0.508919 0.482732 1.11371e-006 0.708684 -0.705526
0.183537 -0.0156724 0.0966829 0.510865 0.484347 1.11371e-006 0.708684 -0.705526
0.221162 -0.0156725 0.0966829 0.50989 0.482738 1.11371e-006 0.708684 -0.705526
0.173387 -0.0273434 0.0849597 0.46288 0.469017 -0.754556 0.656236 5.84659e-007
0.173387 -0.0273435 0.151862 0.466042 0.467924 -0.754556 0.656236 5.84659e-007
0.183537 -0.0156725 0.140138 0.465235 0.467385 -0.754556 0.656236 5.84659e-007
0.173387 -0.0273434 0.0849597 0.46288 0.469017 -0.754555 0.656237 3.7741e-007
0.183537 -0.0156725 0.140138 0.465235 0.467385 -0.754555 0.656237 3.7741e-007
0.183537 -0.0156724 0.0966829 0.463182 0.468095 -0.754555 0.656237 3.7741e-007
0.183537 -0.0156725 0.140138 0.476478 0.500163 0 1 -0
0.221162 -0.0156725 0.140138 0.475846 0.498391 0 1 -0
0.221162 -0.0156725 0.0966829 0.4738 0.499122 0 1 -0
0.183537 -0.0156725 0.140138 0.476478 0.500163 1.58419e-006 1 1.37163e-006
0.221162 -0.0156725 0.0966829 0.4738 0.499122 1.58419e-006 1 1.37163e-006
0.183537 -0.0156724 0.0966829 0.474432 0.500893 1.58419e-006 1 1.37163e-006
0.173387 -0.0273435 0.151862 0.504978 0.535777 0.702069 0.712109 6.34437e-007
0.173387 -0.0273434 0.0849597 0.5026 0.538129 0.702069 0.712109 6.34437e-007
0.163427 -0.0175236 0.0964635 0.503501 0.538222 0.702069 0.712109 6.34437e-007
0.173387 -0.0273435 0.151862 0.504979 0.535777 0.702071 0.712107 -0
0.163427 -0.0175236 0.0964635 0.503501 0.538222 0.702071 0.712107 -0
0.163427 -0.0175236 0.140358 0.505062 0.536679 0.702071 0.712107 -0
0.173387 -0.0273434 0.0849597 0.507063 0.487347 7.82632e-007 0.76058 -0.649244
0.115462 -0.0273433 0.0849597 0.508547 0.489834 7.82632e-007 0.76058 -0.649244
0.125422 -0.0175235 0.0964635 0.508941 0.48902 7.82632e-007 0.76058 -0.649244
0.173387 -0.0273434 0.0849597 0.507063 0.487347 1.70745e-006 0.760582 -0.649241
0.125422 -0.0175235 0.0964635 0.508941 0.48902 1.70745e-006 0.760582 -0.649241
0.163427 -0.0175236 0.0964635 0.507968 0.487387 1.70745e-006 0.760582 -0.649241
0.115462 -0.0273433 0.0849597 0.464488 0.472685 -0.70207 0.712108 4.78064e-007
0.115462 -0.0273434 0.151861 0.467659 0.47162 -0.70207 0.712108 4.78064e-007
0.125422 -0.0175235 0.140358 0.466891 0.47114 -0.70207 0.712108 4.78064e-007
0.115462 -0.0273433 0.0849597 0.464488 0.472685 -0.702069 0.712109 2.44058e-007
0.125422 -0.0175235 0.140358 0.466891 0.47114 -0.702069 0.712109 2.44058e-007
0.125422 -0.0175235 0.0964635 0.464811 0.471839 -0.702069 0.712109 2.44058e-007
0.125422 -0.0175235 0.140358 0.477466 0.502895 1.56835e-006 1 -0
0.163427 -0.0175236 0.140358 0.476827 0.501106 1.56835e-006 1 -0
0.163427 -0.0175236 0.0964635 0.47476 0.501844 1.56835e-006 1 -0
0.125422 -0.0175235 0.140358 0.477466 0.502895 1.56835e-006 1 -5.32421e-013
0.163427 -0.0175236 0.0964635 0.47476 0.501844 1.56835e-006 1 -5.32421e-013
0.125422 -0.0175235 0.0964635 0.475399 0.503634 1.56835e-006 1 -5.32421e-013
0.115462 -0.0273434 0.151861 0.514258 0.537792 0.760656 0.649155 7.47773e-007
0.115462 -0.0273433 0.0849597 0.512246 0.540465 0.760656 0.649155 7.47773e-007
0.105502 -0.0156723 0.0964634 0.513205 0.540467 0.760656 0.649155 7.47773e-007
0.115462 -0.0273434 0.151861 0.514259 0.537792 0.760658 0.649153 -1.32212e-007
0.105502 -0.0156723 0.0964634 0.513206 0.540467 0.760658 0.649153 -1.32212e-007
0.105502 -0.0156723 0.140358 0.514525 0.538713 0.760658 0.649153 -1.32212e-007
0.115462 -0.0273433 0.0849597 0.512332 0.487424 1.44468e-006 0.701987 -0.71219
0.0575366 -0.0273432 0.0849597 0.513835 0.4899 1.44468e-006 0.701987 -0.71219
0.0674968 -0.0156723 0.0964634 0.514277 0.489049 1.44468e-006 0.701987 -0.71219
0.115462 -0.0273433 0.0849597 0.512332 0.487424 1.09215e-006 0.701986 -0.712191
0.0674968 -0.0156723 0.0964634 0.514277 0.489049 1.09215e-006 0.701986 -0.712191
0.105502 -0.0156723 0.0964634 0.513291 0.487424 1.09215e-006 0.701986 -0.712191
0.0575366 -0.0273432 0.0849597 0.463995 0.472383 -0.760655 0.649157 4.0893e-007
0.0575366 -0.0273433 0.151861 0.467155 0.471286 -0.760655 0.649157 4.0893e-007
0.0674969 -0.0156722 0.140358 0.46636 0.47075 -0.760655 0.649157 4.0893e-007
0.0575366 -0.0273432 0.0849597 0.463995 0.472383 -0.760653 0.649159 -5.08447e-007
0.0674969 -0.0156722 0.140358 0.46636 0.47075 -0.760653 0.649159 -5.08447e-007
0.0674968 -0.0156723 0.0964634 0.464287 0.47147 -0.760653 0.649159 -5.08447e-007
0.0674969 -0.0156722 0.140358 0.47844 0.505623 3.1367e-006 1 -5.45199e-013
0.105502 -0.0156723 0.140358 0.477801 0.503834 3.1367e-006 1 -5.45199e-013
0.105502 -0.0156723 0.0964634 0.475734 0.504572 3.1367e-006 1 -5.45199e-013
0.0674969 -0.0156722 0.140358 0.47844 0.505623 1.56835e-006 1 -1.35792e-006
0.105502 -0.0156723 0.0964634 0.475734 0.504572 1.56835e-006 1 -1.35792e-006
0.0674968 -0.0156723 0.0964634 0.476374 0.506361 1.56835e-006 1 -1.35792e-006
0.0575366 -0.0273433 0.151861 0.507117 0.53857 0.695312 0.718708 7.95185e-007
0.0575366 -0.0273432 0.0849597 0.504707 0.54089 0.695312 0.718708 7.95185e-007
0.0473863 -0.0175234 0.0966829 0.505619 0.540992 0.695312 0.718708 7.95185e-007
0.0575366 -0.0273433 0.151861 0.507117 0.53857 0.69531 0.71871 1.46673e-006
0.0473863 -0.0175234 0.0966829 0.505619 0.540992 0.69531 0.71871 1.46673e-006
0.0473863 -0.0175235 0.140138 0.507184 0.539485 0.69531 0.71871 1.46673e-006
0.0575366 -0.0273432 0.0849597 0.509612 0.492586 -3.30373e-007 0.766597 -0.642128
-0.000388699 -0.0273432 0.0849597 0.511092 0.495075 -3.30373e-007 0.766597 -0.642128
0.0097616 -0.0175234 0.096683 0.51149 0.494248 -3.30373e-007 0.766597 -0.642128
0.0575366 -0.0273432 0.0849597 0.509612 0.492586 -1.00912e-006 0.766596 -0.64213
0.0097616 -0.0175234 0.096683 0.51149 0.494248 -1.00912e-006 0.766596 -0.64213
0.0473863 -0.0175234 0.0966829 0.510529 0.492631 -1.00912e-006 0.766596 -0.64213
-0.000388699 -0.0273432 0.0849597 0.465931 0.476885 -0.695309 0.718711 -7.95187e-007
-0.000388714 -0.0273432 0.151862 0.469103 0.475822 -0.695309 0.718711 -7.95187e-007
0.0097616 -0.0175234 0.140138 0.468322 0.475339 -0.695309 0.718711 -7.95187e-007
-0.000388699 -0.0273432 0.0849597 0.465931 0.476885 -0.695309 0.718711 -9.93694e-007
0.0097616 -0.0175234 0.140138 0.468322 0.475339 -0.695309 0.718711 -9.93694e-007
0.0097616 -0.0175234 0.096683 0.466262 0.476029 -0.695309 0.718711 -9.93694e-007
0.0097616 -0.0175234 0.140138 0.479401 0.508345 3.16838e-006 1 1.37163e-006
0.0473863 -0.0175235 0.140138 0.478768 0.506574 3.16838e-006 1 1.37163e-006
0.0473863 -0.0175234 0.0966829 0.476722 0.507304 3.16838e-006 1 1.37163e-006
0.0097616 -0.0175234 0.140138 0.479401 0.508345 -2.22507e-012 1 -1.37163e-006
0.0473863 -0.0175234 0.0966829 0.476722 0.507304 -2.22507e-012 1 -1.37163e-006
0.0097616 -0.0175234 0.096683 0.477355 0.509076 -2.22507e-012 1 -1.37163e-006
-0.000388714 -0.0273432 0.151862 0.50933 0.540176 0.702072 0.712106 -4.78062e-007
-0.000388699 -0.0273432 0.0849597 0.506952 0.542528 0.702072 0.712106 -4.78062e-007
-0.0103489 -0.0175234 0.0964634 0.507853 0.542621 0.702072 0.712106 -4.78062e-007
-0.000388714 -0.0273432 0.151862 0.50933 0.540176 0.702073 0.712105 -9.74714e-007
-0.0103489 -0.0175234 0.0964634 0.507853 0.542621 0.702073 0.712105 -9.74714e-007
-0.0103489 -0.0175233 0.140358 0.509413 0.541078 0.702073 0.712105 -9.74714e-007
-0.000388699 -0.0273432 0.0849597 0.511513 0.494809 -1.78474e-006 0.760575 -0.64925
-0.058314 -0.0273433 0.0849598 0.512997 0.497297 -1.78474e-006 0.760575 -0.64925
-0.0483536 -0.0175234 0.0964634 0.513391 0.496482 -1.78474e-006 0.760575 -0.64925
-0.000388699 -0.0273432 0.0849597 0.511513 0.49481 -1.20239e-006 0.760577 -0.649248
-0.0483536 -0.0175234 0.0964634 0.513391 0.496482 -1.20239e-006 0.760577 -0.649248
-0.0103489 -0.0175234 0.0964634 0.512418 0.49485 -1.20239e-006 0.760577 -0.649248
-0.058314 -0.0273433 0.0849598 0.466459 0.478551 -0.70207 0.712108 -1.43419e-006
-0.0583139 -0.0273431 0.151861 0.46963 0.477485 -0.70207 0.712108 -1.43419e-006
-0.0483536 -0.0175232 0.140358 0.468862 0.477006 -0.70207 0.712108 -1.43419e-006
-0.058314 -0.0273433 0.0849598 0.466459 0.478551 -0.702067 0.712111 -2.42036e-006
-0.0483536 -0.0175232 0.140358 0.468862 0.477006 -0.702067 0.712111 -2.42036e-006
-0.0483536 -0.0175234 0.0964634 0.466781 0.477705 -0.702067 0.712111 -2.42036e-006
-0.0483536 -0.0175232 0.140358 0.480389 0.511078 1.56835e-006 1 -1.35792e-006
-0.0103489 -0.0175233 0.140358 0.47975 0.509288 1.56835e-006 1 -1.35792e-006
-0.0103489 -0.0175234 0.0964634 0.477683 0.510027 1.56835e-006 1 -1.35792e-006
-0.0483536 -0.0175232 0.140358 0.480389 0.511078 -1.56835e-006 1 -4.07375e-006
-0.0103489 -0.0175234 0.0964634 0.477683 0.510027 -1.56835e-006 1 -4.07375e-006
-0.0483536 -0.0175234 0.0964634 0.478322 0.511816 -1.56835e-006 1 -4.07375e-006
-0.0583139 -0.0273431 0.151861 0.512404 0.541725 0.715496 0.698617 -2.34535e-006
-0.058314 -0.0273433 0.0849598 0.510094 0.544144 0.715496 0.698617 -2.34535e-006
-0.0682741 -0.0171424 0.0964635 0.511007 0.54422 0.715496 0.698617 -2.34535e-006
-0.0583139 -0.0273431 0.151861 0.512403 0.541725 0.715491 0.698623 -4.81902e-007
-0.0682741 -0.0171424 0.0964635 0.511006 0.544221 0.715491 0.698623 -4.81902e-007
-0.0682741 -0.0171424 0.140358 0.512521 0.542633 0.715491 0.698623 -4.81902e-007
-0.058314 -0.0273433 0.0849598 0.513849 0.496758 2.2225e-006 0.748206 -0.663467
-0.116239 -0.0273432 0.0849598 0.515337 0.499243 2.2225e-006 0.748206 -0.663467
-0.106279 -0.0171424 0.0964634 0.515741 0.49842 2.2225e-006 0.748206 -0.663467
-0.058314 -0.0273433 0.0849598 0.513849 0.496758 2.21506e-006 0.748206 -0.663467
-0.106279 -0.0171424 0.0964634 0.515741 0.49842 2.21506e-006 0.748206 -0.663467
-0.0682741 -0.0171424 0.0964635 0.514764 0.49679 2.21506e-006 0.748206 -0.663467
-0.116239 -0.0273432 0.0849598 0.466838 0.479859 -0.715488 0.698625 -6.07401e-007
-0.116239 -0.027343 0.151861 0.470007 0.478788 -0.715488 0.698625 -6.07401e-007
-0.106279 -0.0171424 0.140358 0.469234 0.478297 -0.715488 0.698625 -6.07401e-007
-0.116239 -0.0273432 0.0849598 0.466838 0.479859 -0.71549 0.698623 -0
-0.106279 -0.0171424 0.140358 0.469234 0.478297 -0.71549 0.698623 -0
-0.106279 -0.0171424 0.0964634 0.467154 0.479 -0.71549 0.698623 -0
-0.106279 -0.0171424 0.140358 0.481363 0.513806 1.56835e-006 1 -1.0904e-012
-0.0682741 -0.0171424 0.140358 0.480724 0.512016 1.56835e-006 1 -1.0904e-012
-0.0682741 -0.0171424 0.0964635 0.478657 0.512754 1.56835e-006 1 -1.0904e-012
-0.106279 -0.0171424 0.140358 0.481363 0.513806 1.56835e-006 1 -0
-0.0682741 -0.0171424 0.0964635 0.478657 0.512754 1.56835e-006 1 -0
-0.106279 -0.0171424 0.0964634 0.479296 0.514544 1.56835e-006 1 -0
-0.116239 -0.027343 0.151861 0.510614 0.543003 0.687858 0.725846 -1.90619e-006
-0.116239 -0.0273432 0.0849598 0.50817 0.545287 0.687858 0.725846 -1.90619e-006
-0.126199 -0.0179042 0.0964635 0.509059 0.545396 0.687858 0.725846 -1.90619e-006
-0.116239 -0.027343 0.151861 0.510613 0.543003 0.687854 0.725849 -4.63288e-007
-0.126199 -0.0179042 0.0964635 0.509059 0.545396 0.687854 0.725849 -4.63288e-007
-0.126199 -0.0179042 0.140358 0.510662 0.543897 0.687854 0.725849 -4.63288e-007
-0.116239 -0.0273432 0.0849598 0.513588 0.500346 4.69135e-007 0.773074 -0.634316
-0.174164 -0.0273431 0.0849598 0.515066 0.502837 4.69135e-007 0.773074 -0.634316
-0.164204 -0.0179042 0.0964635 0.515452 0.502029 4.69135e-007 0.773074 -0.634316
-0.116239 -0.0273432 0.0849598 0.513588 0.500346 1.20275e-006 0.773075 -0.634314
-0.164204 -0.0179042 0.0964635 0.515452 0.502029 1.20275e-006 0.773075 -0.634314
-0.126199 -0.0179042 0.0964635 0.514482 0.500395 1.20275e-006 0.773075 -0.634314
-0.174164 -0.0273431 0.0849598 0.468068 0.483188 -0.68785 0.725853 -1.32723e-006
-0.174164 -0.0273429 0.151861 0.471241 0.482128 -0.68785 0.725853 -1.32723e-006
-0.164204 -0.0179042 0.140358 0.470478 0.48166 -0.68785 0.725853 -1.32723e-006
-0.174164 -0.0273431 0.0849598 0.468068 0.483187 -0.687856 0.725847 9.26579e-007
-0.164204 -0.0179042 0.140358 0.470478 0.481659 -0.687856 0.725847 9.26579e-007
-0.164204 -0.0179042 0.0964635 0.468396 0.482354 -0.687856 0.725847 9.26579e-007
-0.164204 -0.0179042 0.140358 0.482337 0.516533 1.56835e-006 1 -1.0904e-012
-0.126199 -0.0179042 0.140358 0.481698 0.514744 1.56835e-006 1 -1.0904e-012
-0.126199 -0.0179042 0.0964635 0.479631 0.515482 1.56835e-006 1 -1.0904e-012
-0.164204 -0.0179042 0.140358 0.482337 0.516533 1.56835e-006 1 -2.12969e-012
-0.126199 -0.0179042 0.0964635 0.479631 0.515482 1.56835e-006 1 -2.12969e-012
-0.164204 -0.0179042 0.0964635 0.48027 0.517271 1.56835e-006 1 -2.12969e-012
-0.23209 -0.027343 0.151862 0.450861 0.50988 -8.72101e-008 0.748212 0.663459
-0.174164 -0.0273429 0.151861 0.451047 0.50699 -8.72101e-008 0.748212 0.663459
-0.184125 -0.0171422 0.140358 0.450248 0.507438 -8.72101e-008 0.748212 0.663459
-0.23209 -0.027343 0.151862 0.450861 0.50988 2.86301e-006 0.748206 0.663466
-0.184125 -0.0171422 0.140358 0.450248 0.507437 2.86301e-006 0.748206 0.663466
-0.222129 -0.0171421 0.140358 0.450125 0.509334 2.86301e-006 0.748206 0.663466
-0.174164 -0.0273429 0.151861 0.515331 0.544519 0.715495 0.698618 -2.50471e-006
-0.174164 -0.0273431 0.0849598 0.513021 0.546938 0.715495 0.698618 -2.50471e-006
-0.184125 -0.0171422 0.0964635 0.513934 0.547014 0.715495 0.698618 -2.50471e-006
-0.174164 -0.0273429 0.151861 0.51533 0.544519 0.715488 0.698625 -0
-0.184125 -0.0171422 0.0964635 0.513933 0.547015 0.715488 0.698625 -0
-0.184125 -0.0171422 0.140358 0.515449 0.545427 0.715488 0.698625 -0
-0.174164 -0.0273431 0.0849598 0.516825 0.501727 1.19845e-006 0.748206 -0.663466
-0.23209 -0.027343 0.0849598 0.518313 0.504212 1.19845e-006 0.748206 -0.663466
-0.222129 -0.0171422 0.0964635 0.518717 0.50339 1.19845e-006 0.748206 -0.663466
-0.174164 -0.0273431 0.0849598 0.516825 0.501727 1.18284e-006 0.748206 -0.663466
-0.222129 -0.0171422 0.0964635 0.518717 0.50339 1.18284e-006 0.748206 -0.663466
-0.184125 -0.0171422 0.0964635 0.51774 0.50176 1.18284e-006 0.748206 -0.663466
-0.222129 -0.0171422 0.0964635 0.481244 0.519999 3.1367e-006 1 -1.35791e-006
-0.222129 -0.0171421 0.140358 0.483311 0.519261 3.1367e-006 1 -1.35791e-006
-0.184125 -0.0171422 0.140358 0.482672 0.517471 3.1367e-006 1 -1.35791e-006
-0.222129 -0.0171422 0.0964635 0.481244 0.519999 1.56835e-006 1 -0
-0.184125 -0.0171422 0.140358 0.482672 0.517471 1.56835e-006 1 -0
-0.184125 -0.0171422 0.0964635 0.480605 0.518209 1.56835e-006 1 -0
-0.23209 -0.027343 0.0849598 0.446805 0.507489 1.8111e-006 0.701985 0.712192
-0.174164 -0.0273431 0.0849598 0.447109 0.504609 1.8111e-006 0.701985 0.712192
-0.184125 -0.015672 0.073456 0.446242 0.505018 1.8111e-006 0.701985 0.712192
-0.23209 -0.027343 0.0849598 0.446805 0.50749 1.10977e-006 0.701987 0.71219
-0.184125 -0.015672 0.073456 0.446242 0.505019 1.10977e-006 0.701987 0.71219
-0.222129 -0.015672 0.073456 0.446043 0.506908 1.10977e-006 0.701987 0.71219
-0.174164 -0.0273431 0.0849598 0.519757 0.546118 0.760655 0.649156 -9.93376e-008
-0.174164 -0.027343 0.018058 0.517745 0.548791 0.760655 0.649156 -9.93376e-008
-0.184125 -0.015672 0.0295618 0.518704 0.548793 0.760655 0.649156 -9.93376e-008
-0.174164 -0.0273431 0.0849598 0.519758 0.546118 0.760659 0.649152 -1.5535e-006
-0.184125 -0.015672 0.0295618 0.518705 0.548792 0.760659 0.649152 -1.5535e-006
-0.184125 -0.015672 0.073456 0.520025 0.547039 0.760659 0.649152 -1.5535e-006
-0.174164 -0.027343 0.018058 0.517837 0.501022 1.44468e-006 0.701987 -0.71219
-0.23209 -0.0273429 0.018058 0.51934 0.503498 1.44468e-006 0.701987 -0.71219
-0.222129 -0.015672 0.0295618 0.519782 0.502647 1.44468e-006 0.701987 -0.71219
-0.174164 -0.027343 0.018058 0.517837 0.501022 1.09215e-006 0.701986 -0.712191
-0.222129 -0.015672 0.0295618 0.519782 0.502647 1.09215e-006 0.701986 -0.712191
-0.184125 -0.015672 0.0295618 0.518796 0.501023 1.09215e-006 0.701986 -0.712191
-0.222129 -0.015672 0.0295618 0.478094 0.521124 1.56835e-006 1 -3.19453e-012
-0.222129 -0.015672 0.073456 0.480161 0.520386 1.56835e-006 1 -3.19453e-012
-0.184125 -0.015672 0.073456 0.479522 0.518596 1.56835e-006 1 -3.19453e-012
-0.222129 -0.015672 0.0295618 0.478094 0.521124 1.56835e-006 1 -3.13489e-012
-0.184125 -0.015672 0.073456 0.479522 0.518596 1.56835e-006 1 -3.13489e-012
-0.184125 -0.015672 0.0295618 0.477455 0.519334 1.56835e-006 1 -3.13489e-012
-0.116239 -0.0273432 0.0849598 0.518255 0.544988 0.760655 0.649157 -9.93364e-008
-0.116239 -0.0273431 0.018058 0.516243 0.54766 0.760655 0.649157 -9.93364e-008
-0.126199 -0.0156721 0.0295618 0.517202 0.547662 0.760655 0.649157 -9.93364e-008
-0.116239 -0.0273432 0.0849598 0.518256 0.544987 0.760659 0.649152 -1.91562e-006
-0.126199 -0.0156721 0.0295618 0.517203 0.547662 0.760659 0.649152 -1.91562e-006
-0.126199 -0.0156721 0.073456 0.518523 0.545908 0.760659 0.649152 -1.91562e-006
-0.116239 -0.0273431 0.018058 0.516334 0.498546 7.2234e-007 0.701987 -0.71219
-0.174164 -0.027343 0.018058 0.517837 0.501022 7.2234e-007 0.701987 -0.71219
-0.164204 -0.0156721 0.0295618 0.518279 0.500171 7.2234e-007 0.701987 -0.71219
-0.116239 -0.0273431 0.018058 0.516334 0.498546 1.10977e-006 0.701988 -0.712189
-0.164204 -0.0156721 0.0295618 0.518279 0.500171 1.10977e-006 0.701988 -0.712189
-0.126199 -0.0156721 0.0295618 0.517293 0.498547 1.10977e-006 0.701988 -0.712189
-0.174164 -0.027343 0.018058 0.463299 0.480584 -0.760655 0.649156 1.25604e-006
-0.174164 -0.0273431 0.0849598 0.46646 0.479488 -0.760655 0.649156 1.25604e-006
-0.164204 -0.015672 0.073456 0.465665 0.478952 -0.760655 0.649156 1.25604e-006
-0.174164 -0.027343 0.018058 0.4633 0.480584 -0.760653 0.649159 1.36084e-007
-0.164204 -0.015672 0.073456 0.465665 0.478952 -0.760653 0.649159 1.36084e-007
-0.164204 -0.0156721 0.0295618 0.463591 0.479671 -0.760653 0.649159 1.36084e-007
-0.164204 -0.015672 0.073456 0.479187 0.517658 1.56835e-006 1 -1.35792e-006
-0.126199 -0.0156721 0.073456 0.478548 0.515869 1.56835e-006 1 -1.35792e-006
-0.126199 -0.0156721 0.0295618 0.476481 0.516607 1.56835e-006 1 -1.35792e-006
-0.164204 -0.015672 0.073456 0.479187 0.517658 1.56835e-006 1 -1.35792e-006
-0.126199 -0.0156721 0.0295618 0.476481 0.516607 1.56835e-006 1 -1.35792e-006
-0.164204 -0.0156721 0.0295618 0.47712 0.518396 1.56835e-006 1 -1.35792e-006
-0.058314 -0.0273433 0.0849598 0.515018 0.544062 0.74989 0.661562 -2.45718e-007
-0.058314 -0.0273432 0.018058 0.512924 0.546671 0.74989 0.661562 -2.45718e-007
-0.0682743 -0.0160531 0.0295618 0.513871 0.546694 0.74989 0.661562 -2.45718e-007
-0.058314 -0.0273433 0.0849598 0.515018 0.544062 0.749893 0.661559 -1.53151e-006
-0.0682743 -0.0160531 0.0295618 0.513872 0.546693 0.749893 0.661559 -1.53151e-006
-0.0682742 -0.0160531 0.073456 0.515245 0.544982 0.749893 0.661559 -1.53151e-006
-0.058314 -0.0273432 0.018058 0.514065 0.496555 1.4688e-006 0.713705 -0.700446
-0.116239 -0.0273431 0.018058 0.515564 0.499033 1.4688e-006 0.713705 -0.700446
-0.106279 -0.0160531 0.0295618 0.515996 0.49819 1.4688e-006 0.713705 -0.700446
-0.058314 -0.0273432 0.018058 0.514065 0.496555 1.11038e-006 0.713705 -0.700447
-0.106279 -0.0160531 0.0295618 0.515996 0.49819 1.11038e-006 0.713705 -0.700447
-0.0682743 -0.0160531 0.0295618 0.515012 0.496564 1.11038e-006 0.713705 -0.700447
-0.116239 -0.0273431 0.018058 0.462927 0.479309 -0.749888 0.661565 1.2575e-006
-0.116239 -0.0273432 0.0849598 0.46609 0.478219 -0.749888 0.661565 1.2575e-006
-0.106279 -0.0160531 0.073456 0.465301 0.477695 -0.749888 0.661565 1.2575e-006
-0.116239 -0.0273431 0.018058 0.462927 0.479309 -0.749888 0.661564 1.5315e-006
-0.106279 -0.0160531 0.073456 0.465301 0.477695 -0.749888 0.661564 1.5315e-006
-0.106279 -0.0160531 0.0295618 0.463226 0.47841 -0.749888 0.661564 1.5315e-006
-0.106279 -0.0160531 0.073456 0.478213 0.514931 1.56835e-006 1 -3.1349e-012
-0.0682742 -0.0160531 0.073456 0.477573 0.513141 1.56835e-006 1 -3.1349e-012
-0.0682743 -0.0160531 0.0295618 0.475507 0.513879 1.56835e-006 1 -3.1349e-012
-0.106279 -0.0160531 0.073456 0.478213 0.514931 1.56835e-006 1 -3.19453e-012
-0.0682743 -0.0160531 0.0295618 0.475507 0.513879 1.56835e-006 1 -3.19453e-012
-0.106279 -0.0160531 0.0295618 0.476146 0.515669 1.56835e-006 1 -3.19453e-012
-0.000388699 -0.0273432 0.0849597 0.51525 0.542726 0.760654 0.649157 7.00864e-008
-0.000388743 -0.0273432 0.0180579 0.513239 0.545399 0.760654 0.649157 7.00864e-008
-0.010349 -0.0156722 0.0295617 0.514198 0.545401 0.760654 0.649157 7.00864e-008
-0.000388699 -0.0273432 0.0849597 0.515251 0.542726 0.760656 0.649155 -8.74444e-007
-0.010349 -0.0156722 0.0295617 0.514198 0.545401 0.760656 0.649155 -8.74444e-007
-0.010349 -0.0156721 0.073456 0.515518 0.543647 0.760656 0.649155 -8.74444e-007
-0.000388743 -0.0273432 0.0180579 0.51333 0.493594 -1.45518e-006 0.701982 -0.712194
-0.058314 -0.0273432 0.018058 0.514832 0.49607 -1.45518e-006 0.701982 -0.712194
-0.0483538 -0.0156721 0.0295617 0.515274 0.495219 -1.45518e-006 0.701982 -0.712194
-0.000388743 -0.0273432 0.0180579 0.51333 0.493594 1.10977e-006 0.701988 -0.712189
-0.0483538 -0.0156721 0.0295617 0.515274 0.495219 1.10977e-006 0.701988 -0.712189
-0.010349 -0.0156722 0.0295617 0.514288 0.493595 1.10977e-006 0.701988 -0.712189
-0.058314 -0.0273432 0.018058 0.462067 0.477032 -0.760656 0.649155 1.42546e-006
-0.058314 -0.0273433 0.0849598 0.465227 0.475935 -0.760656 0.649155 1.42546e-006
-0.0483537 -0.0156722 0.073456 0.464432 0.475399 -0.760656 0.649155 1.42546e-006
-0.058314 -0.0273432 0.018058 0.462067 0.477032 -0.760656 0.649155 1.65119e-006
-0.0483537 -0.0156722 0.073456 0.464432 0.475399 -0.760656 0.649155 1.65119e-006
-0.0483538 -0.0156721 0.0295617 0.462359 0.476118 -0.760656 0.649155 1.65119e-006
-0.0483537 -0.0156722 0.073456 0.477238 0.512203 -1.56835e-006 1 -1.35791e-006
-0.010349 -0.0156721 0.073456 0.476599 0.510413 -1.56835e-006 1 -1.35791e-006
-0.010349 -0.0156722 0.0295617 0.474532 0.511152 -1.56835e-006 1 -1.35791e-006
-0.0483537 -0.0156722 0.073456 0.477238 0.512203 1.56835e-006 1 1.35791e-006
-0.010349 -0.0156722 0.0295617 0.474532 0.511152 1.56835e-006 1 1.35791e-006
-0.0483538 -0.0156721 0.0295617 0.475171 0.512941 1.56835e-006 1 1.35791e-006
0.0575366 -0.0273432 0.0849597 0.513748 0.541595 0.760654 0.649158 7.00871e-008
0.0575365 -0.0273432 0.0180579 0.511737 0.544268 0.760654 0.649158 7.00871e-008
0.0475763 -0.0156722 0.0295616 0.512695 0.54427 0.760654 0.649158 7.00871e-008
0.0575366 -0.0273432 0.0849597 0.513748 0.541595 0.760652 0.64916 8.88555e-007
0.0475763 -0.0156722 0.0295616 0.512695 0.54427 0.760652 0.64916 8.88555e-007
0.0475763 -0.0156723 0.0734559 0.514015 0.542516 0.760652 0.64916 8.88555e-007
0.0575365 -0.0273432 0.0180579 0.511827 0.491118 -7.32837e-007 0.701987 -0.712189
-0.000388743 -0.0273432 0.0180579 0.513329 0.493594 -7.32837e-007 0.701987 -0.712189
0.00957152 -0.0156722 0.0295617 0.513772 0.492743 -7.32837e-007 0.701987 -0.712189
0.0575365 -0.0273432 0.0180579 0.511827 0.491118 -1.1259e-006 0.701987 -0.71219
0.00957152 -0.0156722 0.0295617 0.513772 0.492743 -1.1259e-006 0.701987 -0.71219
0.0475763 -0.0156722 0.0295616 0.512786 0.491119 -1.1259e-006 0.701987 -0.71219
-0.000388743 -0.0273432 0.0180579 0.461451 0.475255 -0.760655 0.649156 1.08662e-006
-0.000388699 -0.0273432 0.0849597 0.464611 0.474159 -0.760655 0.649156 1.08662e-006
0.00957152 -0.0156722 0.073456 0.463816 0.473623 -0.760655 0.649156 1.08662e-006
-0.000388743 -0.0273432 0.0180579 0.461451 0.475256 -0.760653 0.649159 -0
0.00957152 -0.0156722 0.073456 0.463816 0.473623 -0.760653 0.649159 -0
0.00957152 -0.0156722 0.0295617 0.461743 0.474342 -0.760653 0.649159 -0
0.00957152 -0.0156722 0.073456 0.476264 0.509476 1.56835e-006 1 1.35791e-006
0.0475763 -0.0156723 0.0734559 0.475625 0.507686 1.56835e-006 1 1.35791e-006
0.0475763 -0.0156722 0.0295616 0.473558 0.508424 1.56835e-006 1 1.35791e-006
0.00957152 -0.0156722 0.073456 0.476264 0.509475 0 1 -0
0.0475763 -0.0156722 0.0295616 0.473558 0.508424 0 1 -0
0.00957152 -0.0156722 0.0295617 0.474197 0.510214 0 1 -0
0.115462 -0.0273433 0.0849597 0.512247 0.540465 0.760657 0.649154 1.54793e-007
0.115462 -0.0273433 0.0180579 0.510235 0.543137 0.760657 0.649154 1.54793e-007
0.105502 -0.0156723 0.0295616 0.511194 0.543139 0.760657 0.649154 1.54793e-007
0.115462 -0.0273433 0.0849597 0.512247 0.540465 0.760658 0.649153 -1.32212e-007
0.105502 -0.0156723 0.0295616 0.511194 0.543139 0.760658 0.649153 -1.32212e-007
0.105502 -0.0156723 0.0734559 0.512514 0.541386 0.760658 0.649153 -1.32212e-007
0.115462 -0.0273433 0.0180579 0.510325 0.488642 1.44468e-006 0.701987 -0.71219
0.0575365 -0.0273432 0.0180579 0.511827 0.491118 1.44468e-006 0.701987 -0.71219
0.0674968 -0.0156722 0.0295616 0.512269 0.490267 1.44468e-006 0.701987 -0.71219
0.115462 -0.0273433 0.0180579 0.510325 0.488642 1.09215e-006 0.701986 -0.712191
0.0674968 -0.0156722 0.0295616 0.512269 0.490267 1.09215e-006 0.701986 -0.712191
0.105502 -0.0156723 0.0295616 0.511284 0.488643 1.09215e-006 0.701986 -0.712191
0.0575365 -0.0273432 0.0180579 0.460835 0.473479 -0.760655 0.649157 1.08662e-006
0.0575366 -0.0273432 0.0849597 0.463995 0.472383 -0.760655 0.649157 1.08662e-006
0.0674969 -0.0156721 0.0734559 0.4632 0.471847 -0.760655 0.649157 1.08662e-006
0.0575365 -0.0273432 0.0180579 0.460835 0.473479 -0.760651 0.649161 -6.40662e-007
0.0674969 -0.0156721 0.0734559 0.4632 0.471847 -0.760651 0.649161 -6.40662e-007
0.0674968 -0.0156722 0.0295616 0.461127 0.472566 -0.760651 0.649161 -6.40662e-007
0.0674969 -0.0156721 0.0734559 0.47529 0.506748 3.1367e-006 1 -5.45199e-013
0.105502 -0.0156723 0.0734559 0.474651 0.504959 3.1367e-006 1 -5.45199e-013
0.105502 -0.0156723 0.0295616 0.472584 0.505697 3.1367e-006 1 -5.45199e-013
0.0674969 -0.0156721 0.0734559 0.47529 0.506748 1.56835e-006 1 -1.35792e-006
0.105502 -0.0156723 0.0295616 0.472584 0.505697 1.56835e-006 1 -1.35792e-006
0.0674968 -0.0156722 0.0295616 0.473223 0.507486 1.56835e-006 1 -1.35792e-006
0.173387 -0.0273434 0.0849597 0.510744 0.539334 0.760654 0.649157 2.39508e-007
0.173387 -0.0273433 0.0180579 0.508732 0.542007 0.760654 0.649157 2.39508e-007
0.163427 -0.0156724 0.0295617 0.509691 0.542009 0.760654 0.649157 2.39508e-007
0.173387 -0.0273434 0.0849597 0.510745 0.539334 0.760657 0.649153 -1.13887e-006
0.163427 -0.0156724 0.0295617 0.509692 0.542008 0.760657 0.649153 -1.13887e-006
0.163427 -0.0156723 0.073456 0.511012 0.540255 0.760657 0.649153 -1.13887e-006
0.173387 -0.0273433 0.0180579 0.508822 0.486166 7.2234e-007 0.701987 -0.71219
0.115462 -0.0273433 0.0180579 0.510324 0.488642 7.2234e-007 0.701987 -0.71219
0.125422 -0.0156723 0.0295617 0.510767 0.487791 7.2234e-007 0.701987 -0.71219
0.173387 -0.0273433 0.0180579 0.508822 0.486166 2.20193e-006 0.70199 -0.712187
0.125422 -0.0156723 0.0295617 0.510767 0.487791 2.20193e-006 0.70199 -0.712187
0.163427 -0.0156724 0.0295617 0.509781 0.486167 2.20193e-006 0.70199 -0.712187
0.115462 -0.0273433 0.0180579 0.460218 0.471703 -0.760656 0.649155 1.00191e-006
0.115462 -0.0273433 0.0849597 0.463379 0.470607 -0.760656 0.649155 1.00191e-006
0.125422 -0.0156723 0.0734559 0.462584 0.47007 -0.760656 0.649155 1.00191e-006
0.115462 -0.0273433 0.0180579 0.460218 0.471703 -0.760654 0.649157 2.47897e-007
0.125422 -0.0156723 0.0734559 0.462584 0.47007 -0.760654 0.649157 2.47897e-007
0.125422 -0.0156723 0.0295617 0.46051 0.47079 -0.760654 0.649157 2.47897e-007
0.125422 -0.0156723 0.0734559 0.474316 0.504021 1.56835e-006 1 -1.35791e-006
0.163427 -0.0156723 0.073456 0.473677 0.502231 1.56835e-006 1 -1.35791e-006
0.163427 -0.0156724 0.0295617 0.47161 0.502969 1.56835e-006 1 -1.35791e-006
0.125422 -0.0156723 0.0734559 0.474316 0.504021 3.1367e-006 1 -1.06484e-012
0.163427 -0.0156724 0.0295617 0.47161 0.502969 3.1367e-006 1 -1.06484e-012
0.125422 -0.0156723 0.0295617 0.472249 0.504759 3.1367e-006 1 -1.06484e-012
0.231312 -0.0273435 0.0849597 0.509242 0.538203 0.760655 0.649156 4.08929e-007
0.231312 -0.0273434 0.0180579 0.50723 0.540876 0.760655 0.649156 4.08929e-007
0.221352 -0.0156725 0.0295616 0.508189 0.540878 0.760655 0.649156 4.08929e-007
0.231312 -0.0273435 0.0849597 0.509243 0.538203 0.760658 0.649153 -8.74441e-007
0.221352 -0.0156725 0.0295616 0.50819 0.540878 0.760658 0.649153 -8.74441e-007
0.221352 -0.0156724 0.0734559 0.50951 0.539124 0.760658 0.649153 -8.74441e-007
0.231312 -0.0273434 0.0180579 0.50732 0.48369 1.45518e-006 0.701987 -0.71219
0.173387 -0.0273433 0.0180579 0.508822 0.486166 1.45518e-006 0.701987 -0.71219
0.183347 -0.0156724 0.0295616 0.509264 0.485315 1.45518e-006 0.701987 -0.71219
0.231312 -0.0273434 0.0180579 0.50732 0.48369 1.10976e-006 0.701986 -0.712191
0.183347 -0.0156724 0.0295616 0.509264 0.485315 1.10976e-006 0.701986 -0.712191
0.221352 -0.0156725 0.0295616 0.508278 0.48369 1.10976e-006 0.701986 -0.712191
0.173387 -0.0273433 0.0180579 0.459602 0.469927 -0.760655 0.649156 9.17195e-007
0.173387 -0.0273434 0.0849597 0.462762 0.46883 -0.760655 0.649156 9.17195e-007
0.183347 -0.0156723 0.0734559 0.461968 0.468294 -0.760655 0.649156 9.17195e-007
0.173387 -0.0273433 0.0180579 0.459602 0.469927 -0.760651 0.649161 -6.24134e-007
0.183347 -0.0156723 0.0734559 0.461968 0.468294 -0.760651 0.649161 -6.24134e-007
0.183347 -0.0156724 0.0295616 0.459894 0.469014 -0.760651 0.649161 -6.24134e-007
0.183347 -0.0156723 0.0734559 0.473342 0.501293 1.56835e-006 1 -1.35791e-006
0.221352 -0.0156724 0.0734559 0.472703 0.499503 1.56835e-006 1 -1.35791e-006
0.221352 -0.0156725 0.0295616 0.470636 0.500242 1.56835e-006 1 -1.35791e-006
0.183347 -0.0156723 0.0734559 0.473342 0.501293 1.56835e-006 1 -1.35791e-006
0.221352 -0.0156725 0.0295616 0.470636 0.500242 1.56835e-006 1 -1.35791e-006
0.183347 -0.0156724 0.0295616 0.471275 0.502031 1.56835e-006 1 -1.35791e-006
0.173387 -0.0273433 0.0180579 0.510525 0.542046 0.770828 0.637043 7.39248e-007
0.173387 -0.0273433 -0.0488439 0.508598 0.544781 0.770828 0.637043 7.39248e-007
0.163427 -0.0152913 -0.0373401 0.509569 0.544761 0.770828 0.637043 7.39248e-007
0.173387 -0.0273433 0.0180579 0.510526 0.542046 0.77083 0.637041 -0
0.163427 -0.0152913 -0.0373401 0.509569 0.544761 0.77083 0.637041 -0
0.163427 -0.0152913 0.00655413 0.510833 0.542967 0.77083 0.637041 -0
0.173387 -0.0273433 -0.0488439 0.507577 0.486905 0 0.690462 -0.723368
0.115462 -0.0273433 -0.0488439 0.509082 0.489379 0 0.690462 -0.723368
0.125422 -0.0152913 -0.0373401 0.509534 0.488521 0 0.690462 -0.723368
0.173387 -0.0273433 -0.0488439 0.507576 0.486905 1.09155e-006 0.690465 -0.723366
0.125422 -0.0152913 -0.0373401 0.509534 0.488521 1.09155e-006 0.690465 -0.723366
0.163427 -0.0152913 -0.0373401 0.508547 0.486898 1.09155e-006 0.690465 -0.723366
0.115462 -0.0273433 -0.0488439 0.456855 0.472474 -0.770827 0.637044 -1.71688e-007
0.115462 -0.0273433 0.0180579 0.460013 0.471371 -0.770827 0.637044 -1.71688e-007
0.125422 -0.0152913 0.00655413 0.459212 0.470823 -0.770827 0.637044 -1.71688e-007
0.115462 -0.0273433 -0.0488439 0.456855 0.472474 -0.770828 0.637044 -0
0.125422 -0.0152913 0.00655413 0.459212 0.470823 -0.770828 0.637044 -0
0.125422 -0.0152913 -0.0373401 0.45714 0.471546 -0.770828 0.637044 -0
0.125422 -0.0152913 0.00655413 0.471166 0.505146 1.56835e-006 1 -0
0.163427 -0.0152913 0.00655413 0.470527 0.503356 1.56835e-006 1 -0
0.163427 -0.0152913 -0.0373401 0.46846 0.504094 1.56835e-006 1 -0
0.125422 -0.0152913 0.00655413 0.471166 0.505146 1.56835e-006 1 -0
0.163427 -0.0152913 -0.0373401 0.46846 0.504094 1.56835e-006 1 -0
0.125422 -0.0152913 -0.0373401 0.469099 0.505884 1.56835e-006 1 -0
0.115462 -0.0273433 0.0180579 0.510235 0.543137 0.760657 0.649154 1.69423e-007
0.115462 -0.0273433 -0.0488439 0.508223 0.54581 0.760657 0.649154 1.69423e-007
0.105502 -0.0156722 -0.0373401 0.509182 0.545812 0.760657 0.649154 1.69423e-007
0.115462 -0.0273433 0.0180579 0.510235 0.543137 0.760658 0.649153 -0
0.105502 -0.0156722 -0.0373401 0.509182 0.545812 0.760658 0.649153 -0
0.105502 -0.0156722 0.00655413 0.510502 0.544058 0.760658 0.649153 -0
0.115462 -0.0273433 -0.0488439 0.508317 0.48986 -1.45518e-006 0.701982 -0.712194
0.0575365 -0.0273433 -0.0488438 0.50982 0.492336 -1.45518e-006 0.701982 -0.712194
0.0674968 -0.0156723 -0.0373401 0.510262 0.491485 -1.45518e-006 0.701982 -0.712194
0.115462 -0.0273433 -0.0488439 0.508317 0.48986 -1.09215e-006 0.701983 -0.712194
0.0674968 -0.0156723 -0.0373401 0.510262 0.491485 -1.09215e-006 0.701983 -0.712194
0.105502 -0.0156722 -0.0373401 0.509276 0.48986 -1.09215e-006 0.701983 -0.712194
0.0575365 -0.0273433 -0.0488438 0.457674 0.474576 -0.760656 0.649155 -1.22679e-006
0.0575365 -0.0273432 0.0180579 0.460835 0.473479 -0.760656 0.649155 -1.22679e-006
0.0674968 -0.0156721 0.00655413 0.46004 0.472943 -0.760656 0.649155 -1.22679e-006
0.0575365 -0.0273433 -0.0488438 0.457674 0.474576 -0.760654 0.649158 -2.13924e-006
0.0674968 -0.0156721 0.00655413 0.46004 0.472943 -0.760654 0.649158 -2.13924e-006
0.0674968 -0.0156723 -0.0373401 0.457966 0.473662 -0.760654 0.649158 -2.13924e-006
0.0674968 -0.0156721 0.00655413 0.47214 0.507873 3.1367e-006 1 -0
0.105502 -0.0156722 0.00655413 0.471501 0.506084 3.1367e-006 1 -0
0.105502 -0.0156722 -0.0373401 0.469434 0.506822 3.1367e-006 1 -0
0.0674968 -0.0156721 0.00655413 0.47214 0.507873 -1.56835e-006 1 -4.07375e-006
0.105502 -0.0156722 -0.0373401 0.469434 0.506822 -1.56835e-006 1 -4.07375e-006
0.0674968 -0.0156723 -0.0373401 0.470073 0.508611 -1.56835e-006 1 -4.07375e-006
0.231312 -0.0273434 0.0180579 0.51761 0.540232 0.812918 0.582379 5.18857e-007
0.231312 -0.0273433 -0.0488439 0.516132 0.543233 0.812918 0.582379 5.18857e-007
0.221352 -0.0134403 -0.03734 0.517153 0.543095 0.812918 0.582379 5.18857e-007
0.231312 -0.0273434 0.0180579 0.517611 0.540232 0.812921 0.582374 -1.33201e-006
0.221352 -0.0134403 -0.03734 0.517154 0.543095 0.812921 0.582374 -1.33201e-006
0.221352 -0.0134402 0.00655419 0.518124 0.541126 0.812921 0.582374 -1.33201e-006
0.231312 -0.0273433 -0.0488439 0.509398 0.482339 6.55979e-007 0.637496 -0.770454
0.173387 -0.0273433 -0.0488439 0.510912 0.484808 6.55979e-007 0.637496 -0.770454
0.183347 -0.0134402 -0.03734 0.511421 0.483912 6.55979e-007 0.637496 -0.770454
0.231312 -0.0273433 -0.0488439 0.509398 0.482339 9.91818e-007 0.637496 -0.770453
0.183347 -0.0134402 -0.03734 0.511421 0.483912 9.91818e-007 0.637496 -0.770453
0.221352 -0.0134403 -0.03734 0.510428 0.482292 9.91818e-007 0.637496 -0.770453
0.173387 -0.0273433 -0.0488439 0.45538 0.469645 -0.812919 0.582376 3.37792e-007
0.173387 -0.0273433 0.0180579 0.458526 0.468509 -0.812919 0.582376 3.37792e-007
0.183347 -0.0134401 0.00655419 0.457695 0.4679 -0.812919 0.582376 3.37792e-007
0.173387 -0.0273433 -0.0488439 0.45538 0.469645 -0.812917 0.582379 -7.84495e-007
0.183347 -0.0134401 0.00655419 0.457695 0.4679 -0.812917 0.582379 -7.84495e-007
0.183347 -0.0134402 -0.03734 0.455631 0.468646 -0.812917 0.582379 -7.84495e-007
0.183347 -0.0134401 0.00655419 0.470192 0.502418 1.56835e-006 1 -1.35792e-006
0.221352 -0.0134402 0.00655419 0.469553 0.500628 1.56835e-006 1 -1.35792e-006
0.221352 -0.0134403 -0.03734 0.467486 0.501367 1.56835e-006 1 -1.35792e-006
0.183347 -0.0134401 0.00655419 0.470192 0.502418 1.56835e-006 1 -1.35792e-006
0.221352 -0.0134403 -0.03734 0.467486 0.501367 1.56835e-006 1 -1.35792e-006
0.183347 -0.0134402 -0.03734 0.468125 0.503156 1.56835e-006 1 -1.35792e-006
0.231312 -0.0273433 -0.0488439 0.5143 0.543503 0.805156 0.593064 -1.59476e-006
0.231312 -0.0273435 -0.115745 0.512725 0.546454 0.805156 0.593064 -1.59476e-006
0.221352 -0.0138212 -0.104242 0.513737 0.546342 0.805156 0.593064 -1.59476e-006
0.231312 -0.0273433 -0.0488439 0.514299 0.543503 0.805152 0.593069 2.79892e-007
0.221352 -0.0138212 -0.104242 0.513736 0.546342 0.805152 0.593069 2.79892e-007
0.221352 -0.0138212 -0.0603476 0.514769 0.544406 0.805152 0.593069 2.79892e-007
0.231312 -0.0273435 -0.115745 0.506911 0.483871 7.8375e-007 0.647969 -0.761666
0.173387 -0.0273435 -0.115746 0.508424 0.486341 7.8375e-007 0.647969 -0.761666
0.183347 -0.0138212 -0.104242 0.508921 0.485453 7.8375e-007 0.647969 -0.761666
0.231312 -0.0273435 -0.115745 0.506911 0.483871 1.02437e-006 0.64797 -0.761666
0.183347 -0.0138212 -0.104242 0.508921 0.485453 1.02437e-006 0.64797 -0.761666
0.221352 -0.0138212 -0.104242 0.507928 0.483832 1.02437e-006 0.64797 -0.761666
0.173387 -0.0273435 -0.115746 0.452399 0.470959 -0.805152 0.593068 -1.04714e-006
0.173387 -0.0273433 -0.0488439 0.455548 0.46983 -0.805152 0.593068 -1.04714e-006
0.183347 -0.0138212 -0.0603476 0.454723 0.469234 -0.805152 0.593068 -1.04714e-006
0.173387 -0.0273435 -0.115746 0.452399 0.470959 -0.805156 0.593064 5.59786e-007
0.183347 -0.0138212 -0.0603476 0.454723 0.469234 -0.805156 0.593064 5.59786e-007
0.183347 -0.0138212 -0.104242 0.452657 0.469975 -0.805156 0.593064 5.59786e-007
0.183347 -0.0138212 -0.0603476 0.467041 0.503543 1.56835e-006 1 5.452e-013
0.221352 -0.0138212 -0.0603476 0.466402 0.501754 1.56835e-006 1 5.452e-013
0.221352 -0.0138212 -0.104242 0.464336 0.502492 1.56835e-006 1 5.452e-013
0.183347 -0.0138212 -0.0603476 0.467041 0.503543 1.56835e-006 1 -1.06484e-012
0.221352 -0.0138212 -0.104242 0.464336 0.502492 1.56835e-006 1 -1.06484e-012
0.183347 -0.0138212 -0.104242 0.464975 0.504281 1.56835e-006 1 -1.06484e-012
0.173387 -0.0273433 -0.0488439 0.506721 0.544679 0.760653 0.649159 -2.24333e-006
0.173387 -0.0273435 -0.115746 0.504709 0.547352 0.760653 0.649159 -2.24333e-006
0.163427 -0.0156725 -0.104242 0.505668 0.547354 0.760653 0.649159 -2.24333e-006
0.173387 -0.0273433 -0.0488439 0.506721 0.544679 0.760655 0.649157 -2.90187e-006
0.163427 -0.0156725 -0.104242 0.505668 0.547354 0.760655 0.649157 -2.90187e-006
0.163427 -0.0156723 -0.0603476 0.506988 0.5456 0.760655 0.649157 -2.90187e-006
0.173387 -0.0273435 -0.115746 0.504807 0.488602 1.44468e-006 0.701986 -0.71219
0.115462 -0.0273433 -0.115746 0.50631 0.491078 1.44468e-006 0.701986 -0.71219
0.125422 -0.0156725 -0.104242 0.506752 0.490228 1.44468e-006 0.701986 -0.71219
0.173387 -0.0273435 -0.115746 0.504807 0.488602 1.10977e-006 0.701986 -0.712191
0.125422 -0.0156725 -0.104242 0.506752 0.490227 1.10977e-006 0.701986 -0.712191
0.163427 -0.0156725 -0.104242 0.505766 0.488603 1.10977e-006 0.701986 -0.712191
0.115462 -0.0273433 -0.115746 0.453898 0.473896 -0.760652 0.649159 -1.548e-007
0.115462 -0.0273433 -0.0488439 0.457058 0.472799 -0.760652 0.649159 -1.548e-007
0.125422 -0.0156724 -0.0603476 0.456263 0.472263 -0.760652 0.649159 -1.548e-007
0.115462 -0.0273433 -0.115746 0.453898 0.473896 -0.760651 0.649162 -8.88557e-007
0.125422 -0.0156724 -0.0603476 0.456263 0.472263 -0.760651 0.649162 -8.88557e-007
0.125422 -0.0156725 -0.104242 0.45419 0.472983 -0.760651 0.649162 -8.88557e-007
0.125422 -0.0156724 -0.0603476 0.468016 0.506271 -1.56835e-006 1 -4.07374e-006
0.163427 -0.0156723 -0.0603476 0.467377 0.504481 -1.56835e-006 1 -4.07374e-006
0.163427 -0.0156725 -0.104242 0.46531 0.505219 -1.56835e-006 1 -4.07374e-006
0.125422 -0.0156724 -0.0603476 0.468016 0.506271 1.56835e-006 1 -1.35791e-006
0.163427 -0.0156725 -0.104242 0.46531 0.505219 1.56835e-006 1 -1.35791e-006
0.125422 -0.0156725 -0.104242 0.465949 0.507009 1.56835e-006 1 -1.35791e-006
0.115462 -0.0273433 -0.0488439 0.508223 0.54581 0.760653 0.649159 -1.00191e-006
0.115462 -0.0273433 -0.115746 0.506211 0.548482 0.760653 0.649159 -1.00191e-006
0.105502 -0.0156724 -0.104242 0.50717 0.548484 0.760653 0.649159 -1.00191e-006
0.115462 -0.0273433 -0.0488439 0.508223 0.54581 0.760653 0.649159 -8.88554e-007
0.105502 -0.0156724 -0.104242 0.50717 0.548484 0.760653 0.649159 -8.88554e-007
0.105502 -0.0156723 -0.0603476 0.508489 0.546731 0.760653 0.649159 -8.88554e-007
0.115462 -0.0273433 -0.115746 0.50631 0.491078 7.2234e-007 0.701987 -0.71219
0.0575365 -0.0273433 -0.115746 0.507812 0.493554 7.2234e-007 0.701987 -0.71219
0.0674968 -0.0156723 -0.104242 0.508254 0.492703 7.2234e-007 0.701987 -0.71219
0.115462 -0.0273433 -0.115746 0.506309 0.491078 1.10977e-006 0.701988 -0.712189
0.0674968 -0.0156723 -0.104242 0.508254 0.492703 1.10977e-006 0.701988 -0.712189
0.105502 -0.0156724 -0.104242 0.507268 0.491079 1.10977e-006 0.701988 -0.712189
0.0575365 -0.0273433 -0.115746 0.454514 0.475672 -0.760656 0.649155 7.00833e-008
0.0575365 -0.0273433 -0.0488438 0.457674 0.474576 -0.760656 0.649155 7.00833e-008
0.0674967 -0.0156723 -0.0603476 0.456879 0.474039 -0.760656 0.649155 7.00833e-008
0.0575365 -0.0273433 -0.115746 0.454514 0.475672 -0.760653 0.649159 -1.13645e-006
0.0674967 -0.0156723 -0.0603476 0.456879 0.474039 -0.760653 0.649159 -1.13645e-006
0.0674968 -0.0156723 -0.104242 0.454806 0.474759 -0.760653 0.649159 -1.13645e-006
0.0674967 -0.0156723 -0.0603476 0.46899 0.508998 1.56835e-006 1 -1.35791e-006
0.105502 -0.0156723 -0.0603476 0.468351 0.507209 1.56835e-006 1 -1.35791e-006
0.105502 -0.0156724 -0.104242 0.466284 0.507947 1.56835e-006 1 -1.35791e-006
0.0674967 -0.0156723 -0.0603476 0.46899 0.508998 1.56835e-006 1 -1.35791e-006
0.105502 -0.0156724 -0.104242 0.466284 0.507947 1.56835e-006 1 -1.35791e-006
0.0674968 -0.0156723 -0.104242 0.466923 0.509736 1.56835e-006 1 -1.35791e-006
0.0575365 -0.0273433 -0.0488438 0.507841 0.546881 0.749889 0.661563 1.09048e-006
0.0575365 -0.0273433 -0.115746 0.505748 0.54949 0.749889 0.661563 1.09048e-006
0.0475763 -0.0160533 -0.104242 0.506695 0.549513 0.749889 0.661563 1.09048e-006
0.0575365 -0.0273433 -0.0488438 0.507842 0.546881 0.749893 0.661559 -6.46763e-007
0.0475763 -0.0160533 -0.104242 0.506696 0.549513 0.749893 0.661559 -6.46763e-007
0.0475763 -0.0160532 -0.0603476 0.508069 0.547801 0.749893 0.661559 -6.46763e-007
0.0575365 -0.0273433 -0.115746 0.506981 0.494072 7.48048e-007 0.713708 -0.700444
-0.000388729 -0.0273432 -0.115745 0.50848 0.49655 7.48048e-007 0.713708 -0.700444
0.00957154 -0.0160532 -0.104242 0.508912 0.495706 7.48048e-007 0.713708 -0.700444
0.0575365 -0.0273433 -0.115746 0.506981 0.494071 3.05443e-009 0.713706 -0.700445
0.00957154 -0.0160532 -0.104242 0.508912 0.495706 3.05443e-009 0.713706 -0.700445
0.0475763 -0.0160533 -0.104242 0.507928 0.49408 3.05443e-009 0.713706 -0.700445
-0.000388729 -0.0273432 -0.115745 0.455354 0.477865 -0.749889 0.661564 5.89406e-007
-0.000388729 -0.0273432 -0.0488438 0.458516 0.476776 -0.749889 0.661564 5.89406e-007
0.00957155 -0.0160531 -0.0603476 0.457727 0.476251 -0.749889 0.661564 5.89406e-007
-0.000388729 -0.0273432 -0.115745 0.455354 0.477865 -0.749886 0.661568 -6.61152e-007
0.00957155 -0.0160531 -0.0603476 0.457727 0.476251 -0.749886 0.661568 -6.61152e-007
0.00957154 -0.0160532 -0.104242 0.455652 0.476966 -0.749886 0.661568 -6.61152e-007
0.00957155 -0.0160531 -0.0603476 0.469964 0.511726 1.56835e-006 1 -1.35791e-006
0.0475763 -0.0160532 -0.0603476 0.469325 0.509936 1.56835e-006 1 -1.35791e-006
0.0475763 -0.0160533 -0.104242 0.467258 0.510674 1.56835e-006 1 -1.35791e-006
0.00957155 -0.0160531 -0.0603476 0.469964 0.511726 1.56835e-006 1 -1.35792e-006
0.0475763 -0.0160533 -0.104242 0.467258 0.510674 1.56835e-006 1 -1.35792e-006
0.00957154 -0.0160532 -0.104242 0.467897 0.512464 1.56835e-006 1 -1.35792e-006
0.0575365 -0.0273432 0.0180579 0.511737 0.544268 0.760654 0.649158 -2.24333e-006
0.0575365 -0.0273433 -0.0488438 0.509725 0.546941 0.760654 0.649158 -2.24333e-006
0.0475762 -0.0156723 -0.03734 0.510684 0.546942 0.760654 0.649158 -2.24333e-006
0.0575365 -0.0273432 0.0180579 0.511737 0.544268 0.760654 0.649157 -2.53975e-006
0.0475762 -0.0156723 -0.03734 0.510684 0.546942 0.760654 0.649157 -2.53975e-006
0.0475763 -0.0156722 0.00655413 0.512004 0.545189 0.760654 0.649157 -2.53975e-006
0.0575365 -0.0273433 -0.0488438 0.50982 0.492336 1.44468e-006 0.701986 -0.71219
-0.000388729 -0.0273432 -0.0488438 0.511322 0.494812 1.44468e-006 0.701986 -0.71219
0.00957154 -0.0156723 -0.0373401 0.511764 0.493961 1.44468e-006 0.701986 -0.71219
0.0575365 -0.0273433 -0.0488438 0.50982 0.492336 1.10803e-006 0.701986 -0.712191
0.00957154 -0.0156723 -0.0373401 0.511764 0.493961 1.10803e-006 0.701986 -0.712191
0.0475762 -0.0156723 -0.03734 0.510778 0.492337 1.10803e-006 0.701986 -0.712191
-0.000388729 -0.0273432 -0.0488438 0.458291 0.476352 -0.760652 0.64916 -7.47776e-007
-0.000388743 -0.0273432 0.0180579 0.461451 0.475256 -0.760652 0.64916 -7.47776e-007
0.00957151 -0.0156723 0.00655419 0.460656 0.474719 -0.760652 0.64916 -7.47776e-007
-0.000388729 -0.0273432 -0.0488438 0.458291 0.476352 -0.76065 0.649162 -1.4174e-006
0.00957151 -0.0156723 0.00655419 0.460656 0.474719 -0.76065 0.649162 -1.4174e-006
0.00957154 -0.0156723 -0.0373401 0.458583 0.475439 -0.76065 0.649162 -1.4174e-006
0.00957151 -0.0156723 0.00655419 0.473114 0.510601 -1.56835e-006 1 -2.71583e-006
0.0475763 -0.0156722 0.00655413 0.472475 0.508811 -1.56835e-006 1 -2.71583e-006
0.0475762 -0.0156723 -0.03734 0.470408 0.509549 -1.56835e-006 1 -2.71583e-006
0.00957151 -0.0156723 0.00655419 0.473114 0.510601 2.1808e-012 1 -1.35791e-006
0.0475762 -0.0156723 -0.03734 0.470408 0.509549 2.1808e-012 1 -1.35791e-006
0.00957154 -0.0156723 -0.0373401 0.471047 0.511339 2.1808e-012 1 -1.35791e-006
-0.000388729 -0.0273432 -0.0488438 0.502195 0.547233 0.702067 0.712111 6.3444e-007
-0.000388729 -0.0273432 -0.115745 0.499816 0.549585 0.702067 0.712111 6.3444e-007
-0.010349 -0.0175234 -0.104242 0.500717 0.549678 0.702067 0.712111 6.3444e-007
-0.000388729 -0.0273432 -0.0488438 0.502194 0.547233 0.702064 0.712113 1.43211e-006
-0.010349 -0.0175234 -0.104242 0.500717 0.549678 0.702064 0.712113 1.43211e-006
-0.010349 -0.0175235 -0.0603475 0.502277 0.548135 0.702064 0.712113 1.43211e-006
-0.000388729 -0.0273432 -0.115745 0.504957 0.498719 -1.4507e-006 0.760581 -0.649243
-0.058314 -0.0273432 -0.115745 0.506441 0.501206 -1.4507e-006 0.760581 -0.649243
-0.0483538 -0.0175234 -0.104242 0.506835 0.500391 -1.4507e-006 0.760581 -0.649243
-0.000388729 -0.0273432 -0.115745 0.504957 0.498719 -1.02638e-006 0.760581 -0.649243
-0.0483538 -0.0175234 -0.104242 0.506835 0.500391 -1.02638e-006 0.760581 -0.649243
-0.010349 -0.0175234 -0.104242 0.505862 0.498759 -1.02638e-006 0.760581 -0.649243
-0.058314 -0.0273432 -0.115745 0.456946 0.481746 -0.70207 0.712108 7.9081e-007
-0.058314 -0.0273433 -0.0488437 0.460117 0.480681 -0.70207 0.712108 7.9081e-007
-0.0483537 -0.0175234 -0.0603475 0.459349 0.480201 -0.70207 0.712108 7.9081e-007
-0.058314 -0.0273432 -0.115745 0.456946 0.481746 -0.702069 0.712109 4.88116e-007
-0.0483537 -0.0175234 -0.0603475 0.459349 0.480201 -0.702069 0.712109 4.88116e-007
-0.0483538 -0.0175234 -0.104242 0.457268 0.4809 -0.702069 0.712109 4.88116e-007
-0.0483537 -0.0175234 -0.0603475 0.470938 0.514453 1.56835e-006 1 1.35791e-006
-0.010349 -0.0175235 -0.0603475 0.470299 0.512664 1.56835e-006 1 1.35791e-006
-0.010349 -0.0175234 -0.104242 0.468232 0.513402 1.56835e-006 1 1.35791e-006
-0.0483537 -0.0175234 -0.0603475 0.470938 0.514453 0 1 -0
-0.010349 -0.0175234 -0.104242 0.468232 0.513402 0 1 -0
-0.0483538 -0.0175234 -0.104242 0.468871 0.515191 0 1 -0
-0.000388743 -0.0273432 0.0180579 0.504573 0.544881 0.702067 0.712111 -4.78067e-007
-0.000388729 -0.0273432 -0.0488438 0.502195 0.547233 0.702067 0.712111 -4.78067e-007
-0.0103489 -0.0175235 -0.03734 0.503095 0.547326 0.702067 0.712111 -4.78067e-007
-0.000388743 -0.0273432 0.0180579 0.504573 0.544881 0.702068 0.71211 -7.15193e-007
-0.0103489 -0.0175235 -0.03734 0.503096 0.547326 0.702068 0.71211 -7.15193e-007
-0.010349 -0.0175234 0.00655413 0.504656 0.545782 0.702068 0.71211 -7.15193e-007
-0.000388729 -0.0273432 -0.0488438 0.507143 0.497415 -1.4507e-006 0.760575 -0.64925
-0.058314 -0.0273433 -0.0488437 0.508626 0.499903 -1.4507e-006 0.760575 -0.64925
-0.0483537 -0.0175234 -0.0373401 0.509021 0.499088 -1.4507e-006 0.760575 -0.64925
-0.000388729 -0.0273432 -0.0488438 0.507143 0.497416 2.19341e-006 0.760583 -0.649241
-0.0483537 -0.0175234 -0.0373401 0.50902 0.499088 2.19341e-006 0.760583 -0.649241
-0.0103489 -0.0175235 -0.03734 0.508047 0.497456 2.19341e-006 0.760583 -0.649241
-0.058314 -0.0273433 -0.0488437 0.460117 0.480681 -0.70207 0.712108 -1.10356e-006
-0.058314 -0.0273432 0.018058 0.463288 0.479616 -0.70207 0.712108 -1.10356e-006
-0.0483537 -0.0175234 0.00655419 0.46252 0.479136 -0.70207 0.712108 -1.10356e-006
-0.058314 -0.0273433 -0.0488437 0.460117 0.480681 -0.702067 0.712111 -1.93569e-006
-0.0483537 -0.0175234 0.00655419 0.46252 0.479136 -0.702067 0.712111 -1.93569e-006
-0.0483537 -0.0175234 -0.0373401 0.46044 0.479835 -0.702067 0.712111 -1.93569e-006
-0.0483537 -0.0175234 0.00655419 0.474088 0.513328 1.56834e-006 1 -1.35792e-006
-0.010349 -0.0175234 0.00655413 0.473449 0.511539 1.56834e-006 1 -1.35792e-006
-0.0103489 -0.0175235 -0.03734 0.471382 0.512277 1.56834e-006 1 -1.35792e-006
-0.0483537 -0.0175234 0.00655419 0.474088 0.513328 1.56835e-006 1 -1.35791e-006
-0.0103489 -0.0175235 -0.03734 0.471382 0.512277 1.56835e-006 1 -1.35791e-006
-0.0483537 -0.0175234 -0.0373401 0.472021 0.514066 1.56835e-006 1 -1.35791e-006
-0.058314 -0.0273432 0.018058 0.514742 0.546529 0.760659 0.649152 -7.00781e-008
-0.058314 -0.0273433 -0.0488437 0.51273 0.549202 0.760659 0.649152 -7.00781e-008
-0.0682742 -0.0156721 -0.03734 0.513689 0.549204 0.760659 0.649152 -7.00781e-008
-0.058314 -0.0273432 0.018058 0.514741 0.546529 0.760658 0.649153 5.12323e-007
-0.0682742 -0.0156721 -0.03734 0.513689 0.549204 0.760658 0.649153 5.12323e-007
-0.0682742 -0.0156721 0.00655419 0.515008 0.54745 0.760658 0.649153 5.12323e-007
-0.058314 -0.0273433 -0.0488437 0.512825 0.497288 1.44467e-006 0.701983 -0.712194
-0.116239 -0.0273432 -0.0488437 0.514327 0.499764 1.44467e-006 0.701983 -0.712194
-0.106279 -0.0156721 -0.03734 0.514769 0.498913 1.44467e-006 0.701983 -0.712194
-0.058314 -0.0273433 -0.0488437 0.512825 0.497288 1.10976e-006 0.701982 -0.712195
-0.106279 -0.0156721 -0.03734 0.514769 0.498913 1.10976e-006 0.701982 -0.712195
-0.0682742 -0.0156721 -0.03734 0.513784 0.497289 1.10976e-006 0.701982 -0.712195
-0.116239 -0.0273432 -0.0488437 0.459523 0.479904 -0.760655 0.649157 -9.17196e-007
-0.116239 -0.0273431 0.018058 0.462683 0.478808 -0.760655 0.649157 -9.17196e-007
-0.106279 -0.0156721 0.00655419 0.461888 0.478272 -0.760655 0.649157 -9.17196e-007
-0.116239 -0.0273432 -0.0488437 0.459523 0.479904 -0.760656 0.649156 -5.28849e-007
-0.106279 -0.0156721 0.00655419 0.461888 0.478272 -0.760656 0.649156 -5.28849e-007
-0.106279 -0.0156721 -0.03734 0.459815 0.478991 -0.760656 0.649156 -5.28849e-007
-0.106279 -0.0156721 0.00655419 0.475062 0.516056 1.56835e-006 1 1.0904e-012
-0.0682742 -0.0156721 0.00655419 0.474423 0.514266 1.56835e-006 1 1.0904e-012
-0.0682742 -0.0156721 -0.03734 0.472356 0.515004 1.56835e-006 1 1.0904e-012
-0.106279 -0.0156721 0.00655419 0.475062 0.516056 1.56835e-006 1 1.06484e-012
-0.0682742 -0.0156721 -0.03734 0.472356 0.515004 1.56835e-006 1 1.06484e-012
-0.106279 -0.0156721 -0.03734 0.472995 0.516794 1.56835e-006 1 1.06484e-012
-0.058314 -0.0273433 -0.0488437 0.512729 0.549202 0.760656 0.649156 4.08929e-007
-0.058314 -0.0273432 -0.115745 0.510718 0.551875 0.760656 0.649156 4.08929e-007
-0.0682742 -0.0156722 -0.104242 0.511676 0.551876 0.760656 0.649156 4.08929e-007
-0.058314 -0.0273433 -0.0488437 0.51273 0.549202 0.760659 0.649152 -1.02465e-006
-0.0682742 -0.0156722 -0.104242 0.511677 0.551876 0.760659 0.649152 -1.02465e-006
-0.0682742 -0.0156722 -0.0603475 0.512997 0.550123 0.760659 0.649152 -1.02465e-006
-0.058314 -0.0273432 -0.115745 0.510817 0.498506 1.44468e-006 0.701987 -0.71219
-0.116239 -0.0273431 -0.115745 0.51232 0.500983 1.44468e-006 0.701987 -0.71219
-0.106279 -0.0156721 -0.104242 0.512762 0.500132 1.44468e-006 0.701987 -0.71219
-0.058314 -0.0273432 -0.115745 0.510817 0.498506 1.09215e-006 0.701986 -0.712191
-0.106279 -0.0156721 -0.104242 0.512762 0.500132 1.09215e-006 0.701986 -0.712191
-0.0682742 -0.0156722 -0.104242 0.511776 0.498507 1.09215e-006 0.701986 -0.712191
-0.116239 -0.0273431 -0.115745 0.456363 0.481001 -0.760653 0.649159 5.78354e-007
-0.116239 -0.0273432 -0.0488437 0.459523 0.479904 -0.760653 0.649159 5.78354e-007
-0.106279 -0.0156721 -0.0603475 0.458728 0.479368 -0.760653 0.649159 5.78354e-007
-0.116239 -0.0273431 -0.115745 0.456363 0.481001 -0.760653 0.649159 5.12319e-007
-0.106279 -0.0156721 -0.0603475 0.458728 0.479368 -0.760653 0.649159 5.12319e-007
-0.106279 -0.0156721 -0.104242 0.456655 0.480088 -0.760653 0.649159 5.12319e-007
-0.106279 -0.0156721 -0.0603475 0.471912 0.517181 1.56835e-006 1 -2.1808e-012
-0.0682742 -0.0156722 -0.0603475 0.471273 0.515391 1.56835e-006 1 -2.1808e-012
-0.0682742 -0.0156722 -0.104242 0.469206 0.516129 1.56835e-006 1 -2.1808e-012
-0.106279 -0.0156721 -0.0603475 0.471912 0.517181 1.56835e-006 1 -1.06484e-012
-0.0682742 -0.0156722 -0.104242 0.469206 0.516129 1.56835e-006 1 -1.06484e-012
-0.106279 -0.0156721 -0.104242 0.469845 0.517919 1.56835e-006 1 -1.06484e-012
-0.116239 -0.0273432 -0.0488437 0.514231 0.550333 0.760654 0.649158 5.78353e-007
-0.116239 -0.0273431 -0.115745 0.512219 0.553005 0.760654 0.649158 5.78353e-007
-0.126199 -0.0156721 -0.104242 0.513178 0.553007 0.760654 0.649158 5.78353e-007
-0.116239 -0.0273432 -0.0488437 0.514233 0.550332 0.76066 0.649151 -1.89909e-006
-0.126199 -0.0156721 -0.104242 0.51318 0.553007 0.76066 0.649151 -1.89909e-006
-0.126199 -0.0156721 -0.0603475 0.514499 0.551253 0.76066 0.649151 -1.89909e-006
-0.116239 -0.0273431 -0.115745 0.512319 0.500983 7.2234e-007 0.701987 -0.71219
-0.174164 -0.027343 -0.115745 0.513822 0.503458 7.2234e-007 0.701987 -0.71219
-0.164204 -0.0156721 -0.104242 0.514264 0.502608 7.2234e-007 0.701987 -0.71219
-0.116239 -0.0273431 -0.115745 0.512319 0.500983 1.10977e-006 0.701988 -0.712189
-0.164204 -0.0156721 -0.104242 0.514264 0.502608 1.10977e-006 0.701988 -0.712189
-0.126199 -0.0156721 -0.104242 0.513278 0.500983 1.10977e-006 0.701988 -0.712189
-0.174164 -0.027343 -0.115745 0.456979 0.482777 -0.760654 0.649158 2.39509e-007
-0.174164 -0.0273431 -0.0488437 0.460139 0.481681 -0.760654 0.649158 2.39509e-007
-0.164204 -0.015672 -0.0603475 0.459344 0.481144 -0.760654 0.649158 2.39509e-007
-0.174164 -0.027343 -0.115745 0.456979 0.482777 -0.760654 0.649158 1.52613e-007
-0.164204 -0.015672 -0.0603475 0.459344 0.481144 -0.760654 0.649158 1.52613e-007
-0.164204 -0.0156721 -0.104242 0.457271 0.481864 -0.760654 0.649158 1.52613e-007
-0.164204 -0.015672 -0.0603475 0.472886 0.519908 1.56835e-006 1 -1.35792e-006
-0.126199 -0.0156721 -0.0603475 0.472247 0.518119 1.56835e-006 1 -1.35792e-006
-0.126199 -0.0156721 -0.104242 0.47018 0.518857 1.56835e-006 1 -1.35792e-006
-0.164204 -0.015672 -0.0603475 0.472886 0.519908 1.56835e-006 1 -1.35792e-006
-0.126199 -0.0156721 -0.104242 0.47018 0.518857 1.56835e-006 1 -1.35792e-006
-0.164204 -0.0156721 -0.104242 0.470819 0.520647 1.56835e-006 1 -1.35792e-006
-0.116239 -0.0273431 0.018058 0.514418 0.54787 0.749889 0.661564 -2.55358e-007
-0.116239 -0.0273432 -0.0488437 0.512325 0.550479 0.749889 0.661564 -2.55358e-007
-0.126199 -0.0160531 -0.03734 0.513272 0.550502 0.749889 0.661564 -2.55358e-007
-0.116239 -0.0273431 0.018058 0.514418 0.54787 0.74989 0.661562 -9.05534e-007
-0.126199 -0.0160531 -0.03734 0.513272 0.550502 0.74989 0.661562 -9.05534e-007
-0.126199 -0.0160531 0.00655419 0.514646 0.54879 0.74989 0.661562 -9.05534e-007
-0.116239 -0.0273432 -0.0488437 0.513522 0.500269 7.34398e-007 0.713706 -0.700446
-0.174164 -0.0273431 -0.0488437 0.515021 0.502747 7.34398e-007 0.713706 -0.700446
-0.164204 -0.0160531 -0.03734 0.515453 0.501904 7.34398e-007 0.713706 -0.700446
-0.116239 -0.0273432 -0.0488437 0.513522 0.500269 1.11039e-006 0.713707 -0.700445
-0.164204 -0.0160531 -0.03734 0.515453 0.501904 1.11039e-006 0.713707 -0.700445
-0.126199 -0.0160531 -0.03734 0.514469 0.500278 1.11039e-006 0.713707 -0.700445
-0.174164 -0.0273431 -0.0488437 0.460389 0.48221 -0.749888 0.661565 -5.89407e-007
-0.174164 -0.027343 0.018058 0.463552 0.481121 -0.749888 0.661565 -5.89407e-007
-0.164204 -0.016053 0.00655419 0.462763 0.480596 -0.749888 0.661565 -5.89407e-007
-0.174164 -0.0273431 -0.0488437 0.460389 0.48221 -0.749887 0.661566 -8.91165e-007
-0.164204 -0.016053 0.00655419 0.462763 0.480596 -0.749887 0.661566 -8.91165e-007
-0.164204 -0.0160531 -0.03734 0.460688 0.481311 -0.749887 0.661566 -8.91165e-007
-0.164204 -0.016053 0.00655419 0.476036 0.518783 1.56835e-006 1 -1.35792e-006
-0.126199 -0.0160531 0.00655419 0.475397 0.516994 1.56835e-006 1 -1.35792e-006
-0.126199 -0.0160531 -0.03734 0.47333 0.517732 1.56835e-006 1 -1.35792e-006
-0.164204 -0.016053 0.00655419 0.476036 0.518783 1.56835e-006 1 -1.35792e-006
-0.126199 -0.0160531 -0.03734 0.47333 0.517732 1.56835e-006 1 -1.35792e-006
-0.164204 -0.0160531 -0.03734 0.47397 0.519521 1.56835e-006 1 -1.35792e-006
-0.23209 -0.027343 -0.0488438 0.442406 0.507592 7.48033e-007 0.713703 0.700449
-0.174164 -0.0273431 -0.0488437 0.442681 0.504709 7.48033e-007 0.713703 0.700449
-0.184125 -0.016053 -0.0603475 0.441831 0.505128 7.48033e-007 0.713703 0.700449
-0.23209 -0.027343 -0.0488438 0.442406 0.507592 2.06253e-008 0.713704 0.700447
-0.184125 -0.016053 -0.0603475 0.441831 0.505128 2.06253e-008 0.713704 0.700447
-0.222129 -0.0160529 -0.0603476 0.441651 0.50702 2.06253e-008 0.713704 0.700447
-0.174164 -0.0273431 -0.0488437 0.513819 0.551678 0.749889 0.661564 9.23454e-007
-0.174164 -0.027343 -0.115745 0.511725 0.554287 0.749889 0.661564 9.23454e-007
-0.184125 -0.016053 -0.104242 0.512672 0.55431 0.749889 0.661564 9.23454e-007
-0.174164 -0.0273431 -0.0488437 0.51382 0.551678 0.749892 0.66156 -3.86084e-007
-0.184125 -0.016053 -0.104242 0.512673 0.55431 0.749892 0.66156 -3.86084e-007
-0.184125 -0.016053 -0.0603475 0.514046 0.552598 0.749892 0.66156 -3.86084e-007
-0.174164 -0.027343 -0.115745 0.512979 0.503983 7.34395e-007 0.713704 -0.700447
-0.23209 -0.027343 -0.115745 0.514478 0.506461 7.34395e-007 0.713704 -0.700447
-0.222129 -0.0160529 -0.104242 0.51491 0.505618 7.34395e-007 0.713704 -0.700447
-0.174164 -0.027343 -0.115745 0.512979 0.503983 2.22077e-006 0.713707 -0.700444
-0.222129 -0.0160529 -0.104242 0.51491 0.505618 2.22077e-006 0.713707 -0.700444
-0.184125 -0.016053 -0.104242 0.513926 0.503992 2.22077e-006 0.713707 -0.700444
-0.222129 -0.0160529 -0.104242 0.471794 0.523374 1.56835e-006 1 -2.12969e-012
-0.222129 -0.0160529 -0.0603476 0.47386 0.522636 1.56835e-006 1 -2.12969e-012
-0.184125 -0.016053 -0.0603475 0.473221 0.520846 1.56835e-006 1 -2.12969e-012
-0.222129 -0.0160529 -0.104242 0.471794 0.523374 3.13669e-006 1 -1.35791e-006
-0.184125 -0.016053 -0.0603475 0.473221 0.520846 3.13669e-006 1 -1.35791e-006
-0.184125 -0.016053 -0.104242 0.471155 0.521585 3.13669e-006 1 -1.35791e-006
-0.23209 -0.0273429 0.018058 0.44447 0.507244 1.44469e-006 0.70199 0.712187
-0.174164 -0.027343 0.018058 0.444774 0.504363 1.44469e-006 0.70199 0.712187
-0.184125 -0.0156721 0.00655419 0.443906 0.504773 1.44469e-006 0.70199 0.712187
-0.23209 -0.0273429 0.018058 0.44447 0.507244 1.09216e-006 0.70199 0.712187
-0.184125 -0.0156721 0.00655419 0.443906 0.504773 1.09216e-006 0.70199 0.712187
-0.222129 -0.015672 0.00655419 0.443707 0.506662 1.09216e-006 0.70199 0.712187
-0.174164 -0.027343 0.018058 0.517745 0.548791 0.760656 0.649155 -5.78351e-007
-0.174164 -0.0273431 -0.0488437 0.515734 0.551463 0.760656 0.649155 -5.78351e-007
-0.184125 -0.0156721 -0.03734 0.516693 0.551465 0.760656 0.649155 -5.78351e-007
-0.174164 -0.027343 0.018058 0.517745 0.548791 0.760655 0.649157 -0
-0.184125 -0.0156721 -0.03734 0.516692 0.551465 0.760655 0.649157 -0
-0.184125 -0.0156721 0.00655419 0.518012 0.549712 0.760655 0.649157 -0
-0.174164 -0.0273431 -0.0488437 0.515829 0.502241 2.17752e-006 0.701988 -0.712189
-0.23209 -0.027343 -0.0488438 0.517332 0.504717 2.17752e-006 0.701988 -0.712189
-0.222129 -0.015672 -0.03734 0.517774 0.503866 2.17752e-006 0.701988 -0.712189
-0.174164 -0.0273431 -0.0488437 0.51583 0.50224 1.09215e-006 0.701986 -0.712191
-0.222129 -0.015672 -0.03734 0.517774 0.503865 1.09215e-006 0.701986 -0.712191
-0.184125 -0.0156721 -0.03734 0.516788 0.502241 1.09215e-006 0.701986 -0.712191
-0.222129 -0.015672 -0.03734 0.474944 0.522249 1.56835e-006 1 -0
-0.222129 -0.015672 0.00655419 0.47701 0.521511 1.56835e-006 1 -0
-0.184125 -0.0156721 0.00655419 0.476371 0.519721 1.56835e-006 1 -0
-0.222129 -0.015672 -0.03734 0.474944 0.522249 1.56835e-006 1 -0
-0.184125 -0.0156721 0.00655419 0.476371 0.519721 1.56835e-006 1 -0
-0.184125 -0.0156721 -0.03734 0.474305 0.520459 1.56835e-006 1 -0
-0.252254 -0.0392415 0.1639 0.45116 0.491243 -0.00882218 -0.020446 0.999752
0.0677335 -0.0399498 0.166709 0.458409 0.476979 -0.00882218 -0.020446 0.999752
0.0678253 -0.0194583 0.167129 0.457496 0.476513 -0.00882218 -0.020446 0.999752
-0.252254 -0.0392415 0.1639 0.45116 0.491243 -0.00882208 -0.0204476 0.999752
0.0678253 -0.0194583 0.167129 0.457496 0.476513 -0.00882208 -0.0204476 0.999752
-0.252162 -0.0187501 0.16432 0.450247 0.490776 -0.00882208 -0.0204476 0.999752
-0.249709 -0.0385081 -0.125764 0.548609 0.491361 0.00882225 0.0204419 -0.999752
-0.249617 -0.0180168 -0.125344 0.549522 0.490894 0.00882225 0.0204419 -0.999752
0.0703699 -0.0187249 -0.122535 0.542273 0.476631 0.00882225 0.0204419 -0.999752
-0.249709 -0.0385081 -0.125764 0.548609 0.491361 0.00882208 0.0204446 -0.999752
0.0703699 -0.0187249 -0.122535 0.542273 0.476631 0.00882208 0.0204446 -0.999752
0.070278 -0.0392165 -0.122955 0.54136 0.477097 0.00882208 0.0204446 -0.999752
-0.252254 -0.0392415 0.1639 0.51517 0.520411 -0.00219125 -0.999994 -0.00255105
-0.249709 -0.0385081 -0.125764 0.528856 0.525152 -0.00219125 -0.999994 -0.00255105
0.070278 -0.0392165 -0.122955 0.534093 0.510033 -0.00219125 -0.999994 -0.00255105
-0.252254 -0.0392415 0.1639 0.51517 0.520411 -0.00219125 -0.999994 -0.00255105
0.070278 -0.0392165 -0.122955 0.534093 0.510033 -0.00219125 -0.999994 -0.00255105
0.0677335 -0.0399498 0.166709 0.520407 0.505293 -0.00219125 -0.999994 -0.00255105
-0.252162 -0.0187501 0.16432 0.448591 0.507867 -0.00488938 0.684069 0.729401
0.0678253 -0.0194583 0.167129 0.450619 0.491996 -0.00488938 0.684069 0.729401
0.0678797 -0.00944126 0.157735 0.449937 0.491911 -0.00488938 0.684069 0.729401
-0.252162 -0.0187501 0.16432 0.448591 0.507867 -0.00488932 0.684067 0.729402
0.0678797 -0.00944126 0.157735 0.449937 0.491911 -0.00488932 0.684067 0.729402
-0.252107 -0.00873303 0.154926 0.447909 0.507782 -0.00488932 0.684067 0.729402
-0.252254 -0.0392415 0.1639 0.455589 0.472441 -0.999951 0.00466194 -0.00877225
-0.252162 -0.0187501 0.16432 0.455024 0.471586 -0.999951 0.00466194 -0.00877225
-0.249617 -0.0180168 -0.125344 0.443083 0.479783 -0.999951 0.00466194 -0.00877225
-0.252254 -0.0392415 0.1639 0.455589 0.472441 -0.999951 0.00466337 -0.00877214
-0.249617 -0.0180168 -0.125344 0.443083 0.479783 -0.999951 0.00466337 -0.00877214
-0.249709 -0.0385081 -0.125764 0.443648 0.480638 -0.999951 0.00466337 -0.00877214
0.0677335 -0.0399498 0.166709 0.544433 0.472408 0.999951 -0.00466044 0.00877236
0.070278 -0.0392165 -0.122955 0.556374 0.480606 0.999951 -0.00466044 0.00877236
0.0703699 -0.0187249 -0.122535 0.556939 0.479751 0.999951 -0.00466044 0.00877236
0.0677335 -0.0399498 0.166709 0.544433 0.472408 0.999951 -0.004659 0.00877246
0.0703699 -0.0187249 -0.122535 0.556939 0.479751 0.999951 -0.004659 0.00877246
0.0678253 -0.0194583 0.167129 0.544998 0.471553 0.999951 -0.004659 0.00877246
0.0678253 -0.0194583 0.167129 0.545188 0.471879 0.999957 0.0028169 0.00879145
0.0703699 -0.0187249 -0.122535 0.557072 0.48016 0.999957 0.0028169 0.00879145
0.0702652 -0.00875372 -0.113825 0.557001 0.479502 0.999957 0.0028169 0.00879145
0.0678253 -0.0194583 0.167129 0.545186 0.471874 0.999958 0.00270325 0.00878712
0.0702652 -0.00875372 -0.113825 0.556999 0.479496 0.999958 0.00270325 0.00878712
0.0701857 -0.00877661 -0.104773 0.556628 0.479237 0.999958 0.00270325 0.00878712
0.0678253 -0.0194583 0.167129 0.545188 0.471878 0.999958 0.00279442 0.0087907
0.0701857 -0.00877661 -0.104773 0.556629 0.479242 0.999958 0.00279442 0.0087907
0.0700267 -0.00882238 -0.0866692 0.555887 0.478724 0.999958 0.00279442 0.0087907
0.0678253 -0.0194583 0.167129 0.545188 0.471879 0.999957 0.00281436 0.00879154
0.0700267 -0.00882238 -0.0866692 0.555887 0.478725 0.999957 0.00281436 0.00879154
0.0697086 -0.00891411 -0.0504611 0.554402 0.47769 0.999957 0.00281436 0.00879154
0.0678253 -0.0194583 0.167129 0.545188 0.471878 0.999958 0.0027967 0.00879068
0.0697086 -0.00891411 -0.0504611 0.554401 0.47769 0.999958 0.0027967 0.00879068
0.0690725 -0.00909746 0.0219549 0.55143 0.475619 0.999958 0.0027967 0.00879068
0.0678253 -0.0194583 0.167129 0.545188 0.471879 0.999957 0.00281462 0.00879196
0.0690725 -0.00909746 0.0219549 0.551431 0.47562 0.999957 0.00281462 0.00879196
0.0684363 -0.0092808 0.094371 0.54846 0.47355 0.999957 0.00281462 0.00879196
0.0678253 -0.0194583 0.167129 0.545188 0.471879 0.999957 0.00280567 0.00879071
0.0684363 -0.0092808 0.094371 0.54846 0.47355 0.999957 0.00280567 0.00879071
0.0681183 -0.00937253 0.130579 0.546974 0.472515 0.999957 0.00280567 0.00879071
0.0678253 -0.0194583 0.167129 0.545188 0.471879 0.999957 0.00281172 0.00879238
0.0681183 -0.00937253 0.130579 0.546974 0.472515 0.999957 0.00281172 0.00879238
0.0679592 -0.00941837 0.148683 0.546232 0.471997 0.999957 0.00281172 0.00879238
0.0678253 -0.0194583 0.167129 0.545188 0.471879 0.999957 0.00281472 0.00879401
0.0679592 -0.00941837 0.148683 0.546232 0.471997 0.999957 0.00281472 0.00879401
0.0678797 -0.00944126 0.157735 0.545861 0.471738 0.999957 0.00281472 0.00879401
-0.249617 -0.0180168 -0.125344 0.442883 0.480094 -0.999957 -0.00280614 -0.00879121
-0.252162 -0.0187501 0.16432 0.454766 0.471813 -0.999957 -0.00280614 -0.00879121
-0.252107 -0.00873303 0.154926 0.454094 0.471672 -0.999957 -0.00280614 -0.00879121
-0.249617 -0.0180168 -0.125344 0.442882 0.480094 -0.999957 -0.00282134 -0.00879071
-0.252107 -0.00873303 0.154926 0.454093 0.471673 -0.999957 -0.00282134 -0.00879071
-0.252028 -0.00871015 0.145874 0.453722 0.471932 -0.999957 -0.00282134 -0.00879071
-0.249617 -0.0180168 -0.125344 0.442882 0.480094 -0.999957 -0.00282029 -0.00879075
-0.252028 -0.00871015 0.145874 0.453722 0.471932 -0.999957 -0.00282029 -0.00879075
-0.251869 -0.00866431 0.12777 0.452979 0.472449 -0.999957 -0.00282029 -0.00879075
-0.249617 -0.0180168 -0.125344 0.442883 0.480093 -0.999957 -0.00279951 -0.00879151
-0.251869 -0.00866431 0.12777 0.45298 0.472448 -0.999957 -0.00279951 -0.00879151
-0.251551 -0.00857258 0.0915618 0.451494 0.473483 -0.999957 -0.00279951 -0.00879151
-0.249617 -0.0180168 -0.125344 0.442883 0.480093 -0.999957 -0.00279981 -0.0087915
-0.251551 -0.00857258 0.0915618 0.451494 0.473483 -0.999957 -0.00279981 -0.0087915
-0.250914 -0.00838923 0.0191457 0.448524 0.475554 -0.999957 -0.00279981 -0.0087915
-0.249617 -0.0180168 -0.125344 0.442883 0.480094 -0.999957 -0.00280568 -0.00879111
-0.250914 -0.00838923 0.0191457 0.448523 0.475554 -0.999957 -0.00280568 -0.00879111
-0.250278 -0.00820601 -0.0532704 0.445553 0.477624 -0.999957 -0.00280568 -0.00879111
-0.249617 -0.0180168 -0.125344 0.442883 0.480094 -0.999957 -0.00280865 -0.0087907
-0.250278 -0.00820601 -0.0532704 0.445553 0.477624 -0.999957 -0.00280865 -0.0087907
-0.24996 -0.0081144 -0.0894784 0.444067 0.478659 -0.999957 -0.00280865 -0.0087907
-0.249617 -0.0180168 -0.125344 0.442883 0.480094 -0.999957 -0.00280856 -0.00879073
-0.24996 -0.0081144 -0.0894784 0.444067 0.478659 -0.999957 -0.00280856 -0.00879073
-0.249801 -0.00806862 -0.107582 0.443325 0.479177 -0.999957 -0.00280856 -0.00879073
-0.249617 -0.0180168 -0.125344 0.442883 0.480093 -0.999957 -0.00280281 -0.00879395
-0.249801 -0.00806862 -0.107582 0.443325 0.479176 -0.999957 -0.00280281 -0.00879395
-0.249722 -0.00804573 -0.116634 0.442953 0.479435 -0.999957 -0.00280281 -0.00879395
0.0690725 -0.00909746 0.0219549 0.47275 0.507663 0.0021905 0.999994 0.00255104
0.0697086 -0.00891411 -0.0504611 0.469329 0.508848 0.0021905 0.999994 0.00255104
-0.250278 -0.00820601 -0.0532704 0.474566 0.523967 0.0021905 0.999994 0.00255104
0.0690725 -0.00909746 0.0219549 0.47275 0.507663 0.00219089 0.999994 0.0025494
-0.250278 -0.00820601 -0.0532704 0.474566 0.523967 0.00219089 0.999994 0.0025494
-0.250914 -0.00838923 0.0191457 0.477987 0.522781 0.00219089 0.999994 0.0025494
0.0684363 -0.0092808 0.094371 0.476172 0.506478 0.00219088 0.999994 0.00255105
0.0690725 -0.00909746 0.0219549 0.47275 0.507663 0.00219088 0.999994 0.00255105
-0.250914 -0.00838923 0.0191457 0.477987 0.522781 0.00219088 0.999994 0.00255105
0.0684363 -0.0092808 0.094371 0.476172 0.506478 0.00219088 0.999994 0.00255104
-0.250914 -0.00838923 0.0191457 0.477987 0.522781 0.00219088 0.999994 0.00255104
-0.251551 -0.00857258 0.0915618 0.481409 0.521596 0.00219088 0.999994 0.00255104
0.0681183 -0.00937253 0.130579 0.477882 0.505885 0.00219086 0.999994 0.00255269
0.0684363 -0.0092808 0.094371 0.476172 0.506478 0.00219086 0.999994 0.00255269
-0.251551 -0.00857258 0.0915618 0.481409 0.521596 0.00219086 0.999994 0.00255269
0.0681183 -0.00937253 0.130579 0.477882 0.505885 0.00219086 0.999994 0.00255269
-0.251551 -0.00857258 0.0915618 0.481409 0.521596 0.00219086 0.999994 0.00255269
-0.251869 -0.00866431 0.12777 0.483119 0.521004 0.00219086 0.999994 0.00255269
0.0679592 -0.00941837 0.148683 0.478738 0.505589 0.00219088 0.999994 0.00255105
0.0681183 -0.00937253 0.130579 0.477882 0.505885 0.00219088 0.999994 0.00255105
-0.251869 -0.00866431 0.12777 0.483119 0.521004 0.00219088 0.999994 0.00255105
0.0679592 -0.00941837 0.148683 0.478738 0.505589 0.00219088 0.999994 0.00255104
-0.251869 -0.00866431 0.12777 0.483119 0.521004 0.00219088 0.999994 0.00255104
-0.252028 -0.00871015 0.145874 0.483975 0.520707 0.00219088 0.999994 0.00255104
0.0678797 -0.00944126 0.157735 0.479166 0.505441 0.00219091 0.999994 0.00254776
0.0679592 -0.00941837 0.148683 0.478738 0.505589 0.00219091 0.999994 0.00254776
-0.252028 -0.00871015 0.145874 0.483975 0.520707 0.00219091 0.999994 0.00254776
0.0678797 -0.00944126 0.157735 0.479166 0.505441 0.00219091 0.999994 0.00254774
-0.252028 -0.00871015 0.145874 0.483975 0.520707 0.00219091 0.999994 0.00254774
-0.252107 -0.00873303 0.154926 0.484403 0.520559 0.00219091 0.999994 0.00254774
0.0697086 -0.00891411 -0.0504611 0.469329 0.508848 0.00219012 0.999994 0.00255268
0.0700267 -0.00882238 -0.0866692 0.467618 0.509441 0.00219012 0.999994 0.00255268
-0.24996 -0.0081144 -0.0894784 0.472855 0.524559 0.00219012 0.999994 0.00255268
0.0697086 -0.00891411 -0.0504611 0.469329 0.508848 0.00219052 0.999994 0.00254939
-0.24996 -0.0081144 -0.0894784 0.472855 0.524559 0.00219052 0.999994 0.00254939
-0.250278 -0.00820601 -0.0532704 0.474566 0.523967 0.00219052 0.999994 0.00254939
0.0700267 -0.00882238 -0.0866692 0.467618 0.509441 0.00219016 0.999994 0.00254775
0.0701857 -0.00877661 -0.104773 0.466763 0.509737 0.00219016 0.999994 0.00254775
-0.249801 -0.00806862 -0.107582 0.472 0.524855 0.00219016 0.999994 0.00254775
0.0700267 -0.00882238 -0.0866692 0.467618 0.509441 0.00219016 0.999994 0.00254775
-0.249801 -0.00806862 -0.107582 0.472 0.524855 0.00219016 0.999994 0.00254775
-0.24996 -0.0081144 -0.0894784 0.472855 0.524559 0.00219016 0.999994 0.00254775
0.0701857 -0.00877661 -0.104773 0.466763 0.509737 0.00219016 0.999994 0.00254773
0.0702652 -0.00875372 -0.113825 0.466335 0.509885 0.00219016 0.999994 0.00254773
-0.249722 -0.00804573 -0.116634 0.471572 0.525004 0.00219016 0.999994 0.00254773
0.0701857 -0.00877661 -0.104773 0.466763 0.509737 0.00219016 0.999994 0.00254774
-0.249722 -0.00804573 -0.116634 0.471572 0.525004 0.00219016 0.999994 0.00254774
-0.249801 -0.00806862 -0.107582 0.472 0.524855 0.00219016 0.999994 0.00254774
0.0702652 -0.00875372 -0.113825 0.511365 0.491148 0.00806717 0.657897 -0.753065
0.0703699 -0.0187249 -0.122535 0.510798 0.491489 0.00806717 0.657897 -0.753065
-0.249617 -0.0180168 -0.125344 0.519092 0.505171 0.00806717 0.657897 -0.753065
0.0702652 -0.00875372 -0.113825 0.511365 0.491148 0.0080669 0.657901 -0.753061
-0.249617 -0.0180168 -0.125344 0.519092 0.505171 0.0080669 0.657901 -0.753061
-0.249722 -0.00804573 -0.116634 0.519659 0.50483 0.0080669 0.657901 -0.753061
0.0706346 -0.0248563 0.15142 0.545914 0.472954 1 -2.60756e-006 -5.7306e-008
0.0706346 -0.024856 -0.108621 0.556494 0.480511 1 -2.60756e-006 -5.7306e-008
0.0706347 -0.00485486 -0.108621 0.557076 0.479697 1 -2.60756e-006 -5.7306e-008
0.0706346 -0.0248563 0.15142 0.545914 0.472954 1 -2.23504e-006 -2.86531e-008
0.0706347 -0.00485486 -0.108621 0.557076 0.479697 1 -2.23504e-006 -2.86531e-008
0.0706347 -0.00485504 0.15142 0.546496 0.47214 1 -2.23504e-006 -2.86531e-008
-0.249381 -0.0248559 0.15142 0.454086 0.472954 -1 1.49003e-006 -1.14605e-007
-0.249381 -0.00485474 0.15142 0.453504 0.47214 -1 1.49003e-006 -1.14605e-007
-0.249381 -0.00485456 -0.108621 0.442924 0.479697 -1 1.49003e-006 -1.14605e-007
-0.249381 -0.0248559 0.15142 0.454086 0.472954 -1 2.98007e-006 3.41535e-012
-0.249381 -0.00485456 -0.108621 0.442924 0.479697 -1 2.98007e-006 3.41535e-012
-0.249381 -0.0248556 -0.108621 0.443505 0.480511 -1 2.98007e-006 3.41535e-012
0.0706346 -0.0248563 0.15142 0.521092 0.505289 -1.11753e-006 -1 -1.14606e-006
-0.249381 -0.0248559 0.15142 0.51571 0.520358 -1.11753e-006 -1 -1.14606e-006
-0.249381 -0.0248556 -0.108621 0.527955 0.524731 -1.11753e-006 -1 -1.14606e-006
0.0706346 -0.0248563 0.15142 0.521092 0.505289 -1.11753e-006 -1 -1.14606e-006
-0.249381 -0.0248556 -0.108621 0.527955 0.524731 -1.11753e-006 -1 -1.14606e-006
0.0706346 -0.024856 -0.108621 0.533336 0.509662 -1.11753e-006 -1 -1.14606e-006
0.0706347 -0.00485504 0.15142 0.478908 0.505289 9.31276e-007 1 6.87636e-007
0.0706347 -0.00485486 -0.108621 0.466664 0.509662 9.31276e-007 1 6.87636e-007
-0.249381 -0.00485456 -0.108621 0.472046 0.524731 9.31276e-007 1 6.87636e-007
0.0706347 -0.00485504 0.15142 0.478908 0.505289 9.31276e-007 1 6.87636e-007
-0.249381 -0.00485456 -0.108621 0.472046 0.524731 9.31276e-007 1 6.87636e-007
-0.249381 -0.00485474 0.15142 0.48429 0.520358 9.31276e-007 1 6.87636e-007
0.0706346 -0.0248563 0.15142 0.45739 0.476333 -1.3854e-012 -1.49002e-006 1
0.0706347 -0.00485504 0.15142 0.456496 0.475886 -1.3854e-012 -1.49002e-006 1
-0.249381 -0.00485474 0.15142 0.44934 0.490197 -1.3854e-012 -1.49002e-006 1
0.0706346 -0.0248563 0.15142 0.45739 0.476333 9.31276e-008 -1.42093e-013 1
-0.249381 -0.00485474 0.15142 0.44934 0.490197 9.31276e-008 -1.42093e-013 1
-0.249381 -0.0248559 0.15142 0.450234 0.490644 9.31276e-008 -1.42093e-013 1
0.0706346 -0.024856 -0.108621 0.54261 0.476333 3.33033e-012 2.98007e-006 -1
-0.249381 -0.0248556 -0.108621 0.549766 0.490644 3.33033e-012 2.98007e-006 -1
-0.249381 -0.00485456 -0.108621 0.55066 0.490197 3.33033e-012 2.98007e-006 -1
0.0706346 -0.024856 -0.108621 0.54261 0.476333 -1.86255e-007 4.85671e-013 -1
-0.249381 -0.00485456 -0.108621 0.55066 0.490197 -1.86255e-007 4.85671e-013 -1
0.0706347 -0.00485486 -0.108621 0.543504 0.475886 -1.86255e-007 4.85671e-013 -1
